8_19_08 5, 13, 1, 9, 6, 14, 2, 10
4_30_10 9, 1, 5, 13
4_3_06 4, 12, 16, 8
2_3_00 1, 9
1_30_22 11
1_26_08 3
4_6_14 9, 1, 5, 13
2_11_20 13, 5
8_1_18 10, 2, 6, 14, 11, 3, 7, 15
6_13_10 9, 1, 5, 13, 6, 14
8_15_12 10, 2, 6, 14, 7, 15, 3, 11
6_13_02 5, 13, 1, 9, 2, 10
5_20_10 6, 14, 2, 10, 11
5_28_02 4, 12, 16, 8, 9
4_1_10 6, 14, 2, 10
4_3_06 4, 12, 16, 8
2_29_14 11, 3
2_12_14 6, 14
6_27_22 14, 6, 10, 2, 15, 7
5_4_06 4, 12, 16, 8, 9
3_28_06 2, 10, 6
3_27_06 6, 14, 10
1_26_08 3
8_24_04 4, 12, 16, 8, 5, 13, 1, 9
2_8_18 7, 15
8_7_02 3, 11, 15, 7, 4, 12, 16, 8
3_24_06 1, 9, 5
6_12_20 13, 5, 9, 1, 10, 2
8_5_12 8, 16, 4, 12, 9, 1, 5, 13
7_7_12 8, 16, 4, 12, 1, 9, 13
6_2_04 3, 11, 15, 7, 16, 8
5_7_18 11, 3, 7, 15, 4
6_11_18 12, 4, 8, 16, 13, 5
7_11_22 14, 6, 10, 2, 7, 15, 3
6_7_00 2, 10, 14, 6, 3, 11
1_2_18 6
7_20_12 7, 15, 3, 11, 12, 4, 8
5_4_02 2, 10, 14, 6, 7
2_29_04 6, 14
1_14_06 3
7_2_06 4, 12, 16, 8, 1, 9, 13
3_9_22 14, 6, 10
8_25_04 5, 13, 1, 9, 6, 14, 2, 10
8_7_10 7, 15, 3, 11, 8, 16, 4, 12
8_14_12 10, 2, 6, 14, 7, 15, 3, 11
2_10_14 6, 14
1_18_18 6
1_11_06 14
4_21_04 4, 12, 16, 8
5_9_12 9, 1, 5, 13, 10
8_22_06 5, 13, 1, 9, 6, 14, 2, 10
2_15_10 9, 1
6_11_20 13, 5, 9, 1, 14, 6
6_11_02 4, 12, 16, 8, 5, 13
4_30_00 4,12, 16, 8
5_10_02 4, 12, 16, 8, 1
3_6_18 7, 15, 3
8_5_06 5, 13, 1, 9, 6, 14, 2, 10
5_31_18 13, 5, 9, 1, 2
8_17_10 6, 14, 2, 10, 7, 15, 3, 11
6_10_10 8, 16, 4, 12, 5, 13
5_5_12 8, 16, 4, 12, 9
1_8_14 13
6_8_12 8, 16, 4, 12, 5, 13
7_6_20 12, 4, 8, 16, 9, 1, 5
3_31_06 7, 15, 11
3_26_06 2, 10, 14
4_21_10 7, 15, 3, 11
7_28_10 8, 16, 4, 12, 13, 5, 9
5_19_06 4, 12, 16, 8, 13
3_29_08 8, 16, 4
6_10_16 11, 3, 7, 15, 8, 16
1_9_06 6
2_3_16 9, 1
3_14_00 16, 8, 12
6_17_04 3, 11, 15, 7, 4, 12
7_14_06 7, 15, 3, 11, 16, 8, 12
4_1_02 2, 10, 14, 6
1_31_20 6
1_14_22 11
2_22_02 15, 7
3_26_22 10, 2, 6
7_6_16 10, 2, 6, 14, 7, 15, 3
7_16_20 14, 6, 10, 2, 15, 7, 11
5_24_18 11, 3, 7, 15, 16
6_27_22 14, 6, 10, 2, 15, 7
3_18_02 14, 6, 10
1_23_12 16
2_19_20 11, 3
5_15_08 8, 16, 4, 12, 13
3_29_02 5, 13, 1
1_31_08 16
3_15_16 12, 4, 16
5_23_04 4, 12, 16, 8, 13
1_6_18 7
8_25_14 10, 2, 6, 14, 11, 3, 7, 15
5_21_02 3, 11, 15, 7, 4
5_18_10 6, 14, 2, 10, 3
3_31_12 10, 2, 14
8_10_00 3, 11, 15, 7, 4, 12, 16, 8
8_26_16 11, 3, 7, 15, 12, 4, 8, 16
6_17_14 8, 16, 4, 12, 9, 1
2_26_18 8, 16
2_23_10 7, 15
4_27_22 14, 6, 10, 2
2_5_04 4, 12
7_15_14 11, 3, 7, 15, 16, 8, 12
8_18_22 12, 4, 8, 16, 13, 5, 9, 1
3_4_04 15, 7, 3
6_9_18 12, 4, 8, 16, 13, 5
5_12_16 11, 3, 7, 15, 16
5_18_22 12, 4, 8, 16, 9
2_26_02 16, 8
8_19_10 6, 14, 2, 10, 7, 15, 3, 11
1_4_16 13
1_21_08 6
7_24_22 13, 5, 9, 1, 2, 10, 14
7_23_00 2, 10, 14, 6, 11, 3, 7
1_29_20 14
1_12_04 9
2_7_02 3, 11
2_18_22 8, 16
2_22_20 8, 16
1_13_02 5
5_31_04 6, 14, 2, 10, 11
4_6_10 7, 15, 3, 11
1_14_04 2
2_10_04 1, 9
2_21_12 8, 16
5_9_08 7, 15, 3, 11, 8
5_9_04 5, 13, 1, 9, 6
8_18_14 8, 16, 4, 12, 9, 1, 5, 13
8_12_02 4, 12, 16, 8, 5, 13, 1, 9
6_12_20 13, 5, 9, 1, 10, 2
1_3_04 11
5_20_02 2, 10, 14, 6, 7
7_18_16 9, 1, 5, 13, 6, 14, 2
8_30_04 6, 14, 2, 10, 3, 11, 15, 7
6_19_18 10, 2, 6, 14, 11, 3
6_1_00 1, 9, 13, 5, 2, 10
4_4_04 3, 11, 15, 7
6_9_22 14, 6, 10, 2, 15, 7
4_6_22 13, 5, 9, 1
7_5_20 12, 4, 8, 16, 13, 5, 9
5_22_10 7, 15, 3, 11, 4
7_19_18 10, 2, 6, 14, 3, 11, 15
6_2_10 6, 14, 2, 10, 3, 11
8_18_22 12, 4, 8, 16, 13, 5, 9, 1
5_24_06 5, 13, 1, 9, 10
1_24_10 11
1_20_12 11
1_31_20 6
3_1_18 10, 2, 6
6_15_22 15, 7, 11, 3, 12, 4
2_23_08 6, 14
2_23_02 3, 11
6_3_04 3, 11, 15, 7, 4, 12
2_28_04 1, 9
4_10_08 7, 15, 3, 11
6_18_20 11, 3, 7, 15, 8, 16
4_19_08 5, 13, 1, 9
8_15_08 8, 16, 4, 12, 5, 13, 1, 9
7_18_18 10, 2, 6, 14, 7, 15, 3
5_23_16 10, 2, 6, 14, 3
7_2_14 8, 16, 4, 12, 5, 13, 1
7_19_04 3, 11, 15, 7, 12, 4, 8
2_8_04 16, 8
8_18_16 9, 1, 5, 13, 10, 2, 6, 14
6_17_10 6, 14, 2, 10, 7, 15
1_28_04 9
8_19_08 5, 13, 1, 9, 6, 14, 2, 10
7_16_20 14, 6, 10, 2, 15, 7, 11
7_27_10 8, 16, 4, 12, 1, 9, 13
8_21_20 12, 4, 8, 16, 13, 5, 9, 1
4_10_12 9, 1, 5, 13
5_22_16 10, 2, 6, 14, 7
3_12_18 8, 16, 12
2_1_06 4, 12
2_14_18 9, 1
4_9_14 10, 2, 6, 14
5_12_00 3, 11, 15, 7, 8
4_22_22 13, 5, 9, 1
1_23_18 3
1_7_08 14
4_6_16 10, 2, 6, 14
6_13_10 9, 1, 5, 13, 6, 14
2_27_18 12, 4
7_31_20 14, 6, 10, 2, 3, 11, 15
8_16_12 10, 2, 6, 14, 7, 15, 3, 11
6_12_06 6, 14, 2, 10, 3, 11
3_14_12 6, 14, 2
8_27_02 4, 12, 16, 8, 5, 13, 1, 9
6_8_10 7, 15, 3, 11, 4, 12
6_3_20 11, 3, 7, 15, 12, 4
5_22_18 11, 3, 7, 15, 8
1_25_16 11
5_5_20 12, 4, 8, 16, 13
3_7_02 3, 11, 7
1_1_10 6
8_15_18 13, 5, 9, 1, 10, 2, 6, 14
4_13_20 14, 6, 10, 2
5_24_06 5, 13, 1, 9, 10
2_16_22 11, 3
5_21_18 11, 3, 7, 15, 12
3_27_16 11, 3, 15
2_27_00 3, 11
7_22_18 11, 3, 7, 15, 8, 16, 4
4_25_08 7, 15, 3, 11
8_6_10 7, 15, 3, 11, 8, 16, 4, 12
7_1_10 6, 14, 2, 10, 7, 15, 3
4_21_22 13, 5, 9, 1
6_9_22 14, 6, 10, 2, 15, 7
2_31_06 7, 15
3_31_06 7, 15, 11
3_28_20 9, 1, 13
2_24_00 14, 6
3_11_14 10, 2, 14
7_21_18 11, 3, 7, 15, 12, 4, 8
2_31_08 8, 16
2_1_22 12, 4
2_26_20 9, 1
2_30_08 4, 12
4_2_20 11, 3, 7, 15
1_26_08 3
7_20_04 3, 11, 15, 7, 8, 16, 4
4_30_12 10, 2, 6, 14
7_9_18 12, 4, 8, 16, 13, 5, 9
6_3_08 5, 13, 1, 9, 6, 14
1_5_10 7
2_17_20 11, 3
6_19_14 8, 16, 4, 12, 9, 1
6_5_12 8, 16, 4, 12, 9, 1
7_19_18 10, 2, 6, 14, 3, 11, 15
4_8_18 11, 3, 7, 15
6_23_08 6, 14, 2, 10, 7, 15
7_30_12 10, 2, 6, 14, 3, 11, 15
6_31_00 4, 12, 16, 8, 1, 9
4_2_22 12, 4, 8, 16
4_13_06 7, 15, 3, 11
1_12_20 1
5_24_20 12, 4, 8, 16, 1
7_7_10 7, 15, 3, 11, 16, 8, 12
8_21_06 5, 13, 1, 9, 6, 14, 2, 10
2_21_16 10, 2
3_22_02 15, 7, 11
7_17_02 2, 10, 14, 6, 3, 11, 15
8_19_22 12, 4, 8, 16, 13, 5, 9, 1
2_1_22 12, 4
3_29_18 13, 5, 9
5_20_04 3, 11, 15, 7, 8
5_15_14 11, 3, 7, 15, 16
4_17_00 1, 9, 13, 5
1_20_02 6
4_28_06 6, 14, 2, 10
8_17_08 5, 13, 1, 9, 6, 14, 2, 10
7_20_20 11, 3, 7, 15, 16, 8, 12
4_7_00 2, 10, 14, 6
2_13_08 8, 16
3_31_00 4,12, 8
1_15_06 15
6_2_14 8, 16, 4, 12, 5, 13
5_29_02 5, 13, 1, 9, 2
5_26_06 6, 14, 2, 10, 3
5_30_12 10, 2, 6, 14, 3
5_10_20 13, 5, 9, 1, 10
2_28_22 10, 2
4_20_02 2, 10, 14, 6
2_23_02 3, 11
2_23_00 2, 10
5_1_12 7, 15, 3, 11, 8
6_9_10 8, 16, 4, 12, 9, 1
6_11_02 4, 12, 16, 8, 5, 13
2_9_14 10, 2
2_26_20 9, 1
7_14_00 4, 12, 16, 8, 13, 5, 9
1_10_00 15
7_5_06 5, 13, 1, 9, 6, 14, 2
1_10_04 1
1_7_22 5
3_16_02 1, 9, 5
1_8_12 12
6_23_04 4, 12, 16, 8, 5, 13
8_11_06 6, 14, 2, 10, 7, 15, 3, 11
8_9_20 13, 5, 9, 1, 14, 6, 10, 2
1_29_08 8
1_28_18 16
3_18_04 15, 7, 11
3_29_16 12, 4, 8
6_21_16 10, 2, 6, 14, 11, 3
2_1_08 5, 13
6_29_14 11, 3, 7, 15, 8, 16
6_9_12 9, 1, 5, 13, 10, 2
5_28_02 4, 12, 16, 8, 9
5_28_06 6, 14, 2, 10, 11
1_19_16 1
7_31_08 8, 16, 4, 12, 13, 5, 9
8_23_06 5, 13, 1, 9, 6, 14, 2, 10
