5_13_08 8, 16, 4, 12, 5
1_10_10 4
3_14_20 10, 2, 6
2_26_20 9, 1
1_12_04 9
5_31_08 8, 16, 4, 12, 13
4_30_20 14, 6, 10, 2
1_17_16 9
4_25_14 10, 2, 6, 14
7_9_06 6, 14, 2, 10, 7, 15, 3
5_4_04 3, 11, 15, 7, 8
5_4_22 12, 4, 8, 16, 1
5_10_14 10, 2, 6, 14, 7
8_27_06 6, 14, 2, 10, 7, 15, 3, 11
2_1_22 12, 4
5_4_06 4, 12, 16, 8, 9
8_11_00 3, 11, 15, 7, 4, 12, 16, 8
7_16_16 12, 4, 8, 16, 13, 5, 9
6_8_02 3, 11, 15, 7, 16, 8
3_14_00 16, 8, 12
7_29_00 4, 12, 16, 8, 1, 9, 13
5_15_12 10, 2, 6, 14, 15
6_11_22 14, 6, 10, 2, 15, 7
3_28_20 9, 1, 13
3_10_02 16, 8, 12
6_21_16 10, 2, 6, 14, 11, 3
4_9_18 12, 4, 8, 16
5_10_16 11, 3, 7, 15, 8
4_3_06 4, 12, 16, 8
8_9_14 10, 2, 6, 14, 11, 3, 7, 15
2_11_04 5, 13
4_23_16 10, 2, 6, 14
8_26_14 10, 2, 6, 14, 11, 3, 7, 15
5_12_08 7, 15, 3, 11, 12
2_27_06 6, 14
6_16_20 14, 6, 10, 2, 7, 15
8_18_18 10, 2, 6, 14, 11, 3, 7, 15
4_15_02 5, 13, 1, 9
4_8_04 4, 12, 16, 8
2_21_10 7, 15
3_19_20 11, 3, 15
7_25_00 3, 11, 15, 7, 4, 12, 16
8_29_18 13, 5, 9, 1, 10, 2, 6, 14
8_10_06 6, 14, 2, 10, 7, 15, 3, 11
4_8_18 11, 3, 7, 15
8_10_12 9, 1, 5, 13, 10, 2, 6, 14
2_9_10 8, 16
2_25_20 13, 5
2_6_00 14, 6
2_12_04 1, 9
6_19_16 9, 1, 5, 13, 10, 2
6_1_20 11, 3, 7, 15, 12, 4
3_9_22 14, 6, 10
2_30_12 6, 14
5_23_06 5, 13, 1, 9, 14
5_2_02 2, 10, 14, 6, 15
2_21_10 7, 15
8_14_20 14, 6, 10, 2, 11, 3, 7, 15
7_2_00 1, 9, 13, 5, 14, 6, 10
1_19_04 11
8_21_02 3, 11, 15, 7, 4, 12, 16, 8
3_2_16 5, 13, 1
8_20_10 6, 14, 2, 10, 7, 15, 3, 11
2_24_12 4, 12
3_4_02 14, 6, 2
4_4_22 12, 4, 8, 16
7_5_06 5, 13, 1, 9, 6, 14, 2
8_16_22 15, 7, 11, 3, 12, 4, 8, 16
2_1_10 6, 14
6_16_00 4, 12, 16, 8, 13, 5
2_4_04 15, 7
7_6_16 10, 2, 6, 14, 7, 15, 3
6_2_10 6, 14, 2, 10, 3, 11
4_4_20 11, 3, 7, 15
8_7_06 5, 13, 1, 9, 6, 14, 2, 10
8_27_00 3, 11, 15, 7, 4, 12, 16, 8
2_9_18 12, 4
4_5_20 12, 4, 8, 16
8_11_12 9, 1, 5, 13, 10, 2, 6, 14
3_15_22 15, 7, 3
8_21_04 4, 12, 16, 8, 5, 13, 1, 9
8_17_12 7, 15, 3, 11, 8, 16, 4, 12
1_2_18 6
8_22_20 12, 4, 8, 16, 13, 5, 9, 1
4_26_16 11, 3, 7, 15
2_8_14 5, 13
4_11_22 14, 6, 10, 2
7_23_18 11, 3, 7, 15, 4, 12, 16
6_30_06 7, 15, 3, 11, 16, 8
5_16_14 11, 3, 7, 15, 12
7_20_08 5, 13, 1, 9, 10, 2, 6
7_12_06 6, 14, 2, 10, 11, 3, 7
1_3_06 12
7_10_08 7, 15, 3, 11, 4, 12, 16
6_7_02 3, 11, 15, 7, 4, 12
8_21_16 10, 2, 6, 14, 11, 3, 7, 15
7_16_18 13, 5, 9, 1, 14, 6, 10
5_27_16 11, 3, 7, 15, 4
8_18_16 9, 1, 5, 13, 10, 2, 6, 14
3_24_12 4, 12, 8
7_7_18 11, 3, 7, 15, 4, 12, 16
2_8_20 8, 16
2_28_12 5, 13
5_11_20 13, 5, 9, 1, 6
7_28_02 4, 12, 16, 8, 9, 1, 5
4_25_10 8, 16, 4, 12
4_16_16 12, 4, 8, 16
8_5_02 3, 11, 15, 7, 4, 12, 16, 8
8_18_22 12, 4, 8, 16, 13, 5, 9, 1
1_21_08 6
8_12_14 10, 2, 6, 14, 11, 3, 7, 15
4_23_04 4, 12, 16, 8
3_22_20 8, 16, 4
1_12_00 7
2_8_08 2, 10
5_30_22 15, 7, 11, 3, 8
1_5_00 2
5_31_22 15, 7, 11, 3, 4
5_9_04 5, 13, 1, 9, 6
2_26_10 4, 12
6_20_02 2, 10, 14, 6, 15, 7
7_2_02 2, 10, 14, 6, 15, 7, 11
5_15_08 8, 16, 4, 12, 13
8_2_08 5, 13, 1, 9, 6, 14, 2, 10
6_8_22 13, 5, 9, 1, 10, 2
6_1_12 7, 15, 3, 11, 8, 16
2_23_16 10, 2
4_28_04 5, 13, 1, 9
3_11_12 9, 1, 13
2_18_02 14, 6
4_19_22 12, 4, 8, 16
5_10_06 6, 14, 2, 10, 3
5_20_00 1, 9, 13, 5, 6
8_11_18 12, 4, 8, 16, 13, 5, 9, 1
5_30_08 8, 16, 4, 12, 1
1_21_02 3
2_13_10 9, 1
7_3_10 6, 14, 2, 10, 15, 7, 11
1_22_12 4
7_29_20 14, 6, 10, 2, 11, 3, 7
3_13_16 12, 4, 8
3_29_10 9, 1, 5
4_18_18 10, 2, 6, 14
1_25_08 7
3_26_00 15, 7, 11
7_12_14 10, 2, 6, 14, 15, 7, 11
1_31_18 5
2_2_10 2, 10
8_1_04 3, 11, 15, 7, 4, 12, 16, 8
5_4_04 3, 11, 15, 7, 8
8_5_04 4, 12, 16, 8, 5, 13, 1, 9
7_30_14 11, 3, 7, 15, 4, 12, 16
2_6_00 14, 6
1_29_20 14
1_8_12 12
2_26_12 5, 13
3_9_00 3, 11, 15
7_16_10 9, 1, 5, 13, 10, 2, 6
4_30_16 12, 4, 8, 16
7_13_12 10, 2, 6, 14, 7, 15, 3
6_22_10 7, 15, 3, 11, 4, 12
3_7_08 6, 14, 10
6_2_22 12, 4, 8, 16, 9, 1
5_23_16 10, 2, 6, 14, 3
5_16_22 15, 7, 11, 3, 16
6_4_12 7, 15, 3, 11, 4, 12
5_22_18 11, 3, 7, 15, 8
8_6_02 3, 11, 15, 7, 4, 12, 16, 8
8_1_22 12, 4, 8, 16, 13, 5, 9, 1
8_9_08 7, 15, 3, 11, 8, 16, 4, 12
5_27_14 10, 2, 6, 14, 3
4_16_04 6, 14, 2, 10
2_5_16 10, 2
3_5_14 9, 1, 5
5_20_16 9, 1, 5, 13, 14
6_9_22 14, 6, 10, 2, 15, 7
3_22_22 9, 1, 5
8_11_04 5, 13, 1, 9, 6, 14, 2, 10
5_17_04 3, 11, 15, 7, 4
3_6_04 16, 8, 12
8_29_18 13, 5, 9, 1, 10, 2, 6, 14
6_3_10 6, 14, 2, 10, 7, 15
5_13_14 11, 3, 7, 15, 8
8_28_16 11, 3, 7, 15, 12, 4, 8, 16
5_10_14 10, 2, 6, 14, 7
5_29_20 14, 6, 10, 2, 11
2_25_06 6, 14
7_23_10 7, 15, 3, 11, 16, 8, 12
7_26_20 13, 5, 9, 1, 10, 2, 6
5_29_08 8, 16, 4, 12, 5
1_11_00 11
6_21_00 2, 10, 14, 6, 3, 11
4_6_00 2, 10, 14, 6
6_16_10 9, 1, 5, 13, 2, 10
2_24_02 15, 7
7_22_08 6, 14, 2, 10, 3, 11, 15
4_31_12 10, 2, 6, 14
6_28_04 5, 13, 1, 9, 2, 10
6_24_12 8, 16, 4, 12, 5, 13
4_29_12 10, 2, 6, 14
4_4_10 6, 14, 2, 10
1_28_04 9
4_22_16 10, 2, 6, 14
3_13_14 11, 3, 7
6_12_12 9, 1, 5, 13, 6, 14
5_24_02 3, 11, 15, 7, 8
6_22_18 11, 3, 7, 15, 8, 16
8_26_00 3, 11, 15, 7, 4, 12, 16, 8
4_25_08 7, 15, 3, 11
5_20_14 8, 16, 4, 12, 13
8_19_14 8, 16, 4, 12, 9, 1, 5, 13
6_8_22 13, 5, 9, 1, 10, 2
6_31_22 15, 7, 11, 3, 12, 4
5_25_22 14, 6, 10, 2, 15
3_26_00 15, 7, 11
7_14_00 4, 12, 16, 8, 13, 5, 9
8_31_08 8, 16, 4, 12, 5, 13, 1, 9
8_31_16 12, 4, 8, 16, 9, 1, 5, 13
4_24_00 2, 10, 14, 6
1_8_22 1
1_5_20 12
7_29_00 4, 12, 16, 8, 1, 9, 13
6_19_18 10, 2, 6, 14, 11, 3
3_18_18 6, 14, 2
4_27_14 10, 2, 6, 14
7_7_22 13, 5, 9, 1, 6, 14, 2
6_17_20 11, 3, 7, 15, 12, 4
7_22_12 8, 16, 4, 12, 5, 13, 1
1_21_12 8
6_25_00 3, 11, 15, 7, 4, 12
6_16_22 15, 7, 11, 3, 8, 16
2_19_02 2, 10
7_7_02 3, 11, 15, 7, 12, 4, 8
1_27_02 12
3_7_02 3, 11, 7
1_11_02 12
2_20_12 3, 11
4_3_20 11, 3, 7, 15
2_7_18 11, 3
2_14_06 3, 11
6_31_02 5, 13, 1, 9, 2, 10
4_30_14 11, 3, 7, 15
6_3_20 11, 3, 7, 15, 12, 4
6_7_16 10, 2, 6, 14, 11, 3
7_11_12 9, 1, 5, 13, 2, 10, 14
2_25_18 12, 4
8_19_10 6, 14, 2, 10, 7, 15, 3, 11
4_12_22 14, 6, 10, 2
8_6_04 4, 12, 16, 8, 5, 13, 1, 9
1_21_12 8
8_31_18 13, 5, 9, 1, 10, 2, 6, 14
3_4_14 4, 12, 8
3_3_22 12, 4, 16
3_8_00 14, 6, 2
7_10_14 10, 2, 6, 14, 7, 15, 3
2_21_12 8, 16
6_13_06 7, 15, 3, 11, 4, 12
3_5_08 6, 14, 2
6_21_02 3, 11, 15, 7, 4, 12
6_25_20 13, 5, 9, 1, 14, 6
2_8_10 3, 11
3_22_10 3, 11, 15
2_31_18 13, 5
2_7_02 3, 11
2_23_14 9, 1
8_19_16 9, 1, 5, 13, 10, 2, 6, 14
5_25_00 3, 11, 15, 7, 4
8_2_06 4, 12, 16, 8, 5, 13, 1, 9
8_18_14 8, 16, 4, 12, 9, 1, 5, 13
5_9_02 4, 12, 16, 8, 5
6_1_02 2, 10, 14, 6, 3, 11
7_6_06 5, 13, 1, 9, 2, 10, 14
2_30_00 16, 8
2_14_08 4, 12
1_29_18 13
3_9_16 11, 3, 7
3_12_00 15, 7, 3
3_5_02 3, 11, 15
1_13_04 6
6_13_06 7, 15, 3, 11, 4, 12
4_20_12 7, 15, 3, 11
6_15_10 9, 1, 5, 13, 6, 14
5_8_00 2, 10, 14, 6, 7
1_22_02 15
6_10_02 4, 12, 16, 8, 1, 9
7_4_14 8, 16, 4, 12, 13, 5, 9
2_28_06 2, 10
4_10_00 3, 11, 15, 7
3_27_12 9, 1, 13
3_19_14 8, 16, 12
6_24_22 13, 5, 9, 1, 10, 2
7_6_02 3, 11, 15, 7, 16, 8, 12
1_30_10 5
4_25_12 9, 1, 5, 13
7_19_04 3, 11, 15, 7, 12, 4, 8
8_31_16 12, 4, 8, 16, 9, 1, 5, 13
7_14_14 11, 3, 7, 15, 4, 12, 16
1_12_20 1
6_31_22 15, 7, 11, 3, 12, 4
3_3_12 7, 15, 11
6_5_04 4, 12, 16, 8, 5, 13
3_1_10 6, 14, 2
7_13_22 15, 7, 11, 3, 12, 4, 8
1_3_00 9
6_1_00 1, 9, 13, 5, 2, 10
2_29_22 15, 7
4_8_18 11, 3, 7, 15
5_31_00 4, 12, 16, 8, 9
7_29_22 15, 7, 11, 3, 12, 4, 8
6_11_14 10, 2, 6, 14, 11, 3
5_9_20 13, 5, 9, 1, 14
2_27_08 7, 15
7_5_14 9, 1, 5, 13, 10, 2, 6
5_5_06 5, 13, 1, 9, 6
8_31_10 9, 1, 5, 13, 6, 14, 2, 10
7_23_22 13, 5, 9, 1, 6, 14, 2
4_29_04 6, 14, 2, 10
6_3_22 12, 4, 8, 16, 13, 5
3_21_08 6, 14, 2
2_19_04 3, 11
6_26_16 11, 3, 7, 15, 8, 16
4_12_18 12, 4, 8, 16
4_7_20 12, 4, 8, 16
4_14_20 14, 6, 10, 2
7_18_10 6, 14, 2, 10, 3, 11, 15
7_26_00 3, 11, 15, 7, 16, 8, 12
5_22_08 6, 14, 2, 10, 3
7_5_18 11, 3, 7, 15, 12, 4, 8
2_24_14 5, 13
7_8_20 12, 4, 8, 16, 1, 9, 13
8_13_20 14, 6, 10, 2, 11, 3, 7, 15
1_22_22 9
3_19_16 9, 1, 13
3_7_06 5, 13, 9
1_10_22 10
8_8_10 7, 15, 3, 11, 8, 16, 4, 12
8_29_02 5, 13, 1, 9, 2, 10, 14, 6
4_16_06 7, 15, 3, 11
4_16_06 7, 15, 3, 11
5_11_12 9, 1, 5, 13, 2
3_15_18 13, 5, 1
5_25_08 7, 15, 3, 11, 8
1_18_20 7
8_23_12 8, 16, 4, 12, 9, 1, 5, 13
3_16_12 6, 14, 10
3_7_02 3, 11, 7
6_29_14 11, 3, 7, 15, 8, 16
2_21_02 3, 11
8_20_20 11, 3, 7, 15, 12, 4, 8, 16
2_6_14 5, 13
6_7_14 9, 1, 5, 13, 10, 2
6_9_12 9, 1, 5, 13, 10, 2
7_27_04 5, 13, 1, 9, 14, 6, 10
2_31_16 12, 4
1_21_18 11
2_12_18 8, 16
8_16_16 12, 4, 8, 16, 9, 1, 5, 13
3_8_14 5, 13, 9
4_12_20 13, 5, 9, 1
6_23_08 6, 14, 2, 10, 7, 15
5_5_20 12, 4, 8, 16, 13
1_25_16 11
7_22_10 7, 15, 3, 11, 4, 12, 16
3_30_16 8, 16, 4
6_31_02 5, 13, 1, 9, 2, 10
4_4_10 6, 14, 2, 10
6_7_14 9, 1, 5, 13, 10, 2
3_25_04 5, 13, 1
6_15_16 12, 4, 8, 16, 9, 1
6_18_20 11, 3, 7, 15, 8, 16
1_10_14 6
3_22_12 4, 12, 16
1_12_16 15
5_4_08 5, 13, 1, 9, 10
8_29_22 15, 7, 11, 3, 12, 4, 8, 16
7_19_16 9, 1, 5, 13, 2, 10, 14
2_15_18 13, 5
2_8_08 2, 10
4_6_00 2, 10, 14, 6
7_3_12 7, 15, 3, 11, 16, 8, 12
6_25_10 8, 16, 4, 12, 9, 1
7_14_18 13, 5, 9, 1, 6, 14, 2
1_17_12 7
7_22_04 4, 12, 16, 8, 1, 9, 13
7_12_12 9, 1, 5, 13, 14, 6, 10
3_29_04 6, 14, 2
5_21_08 6, 14, 2, 10, 7
3_24_16 6, 14, 10
1_5_00 2
3_4_12 3, 11, 7
1_1_04 3
3_4_22 8, 16, 12
2_8_10 3, 11
5_14_12 10, 2, 6, 14, 3
8_11_00 3, 11, 15, 7, 4, 12, 16, 8
7_1_02 2, 10, 14, 6, 3, 11, 15
5_27_14 10, 2, 6, 14, 3
5_24_16 10, 2, 6, 14, 15
8_5_16 10, 2, 6, 14, 11, 3, 7, 15
7_27_22 14, 6, 10, 2, 7, 15, 3
4_1_06 4, 12, 16, 8
4_12_00 3, 11, 15, 7
8_15_18 13, 5, 9, 1, 10, 2, 6, 14
1_25_16 11
1_15_02 13
6_23_18 11, 3, 7, 15, 12, 4
7_2_00 1, 9, 13, 5, 14, 6, 10
4_7_12 8, 16, 4, 12
1_6_06 1
3_26_08 3, 11, 15
3_14_16 8, 16, 4
2_12_04 1, 9
1_4_00 5
2_9_16 11, 3
4_13_22 15, 7, 11, 3
2_5_00 2, 10
5_27_12 9, 1, 5, 13, 2
4_1_00 1, 9, 13, 5
8_10_00 3, 11, 15, 7, 4, 12, 16, 8
1_4_18 14
7_31_20 14, 6, 10, 2, 3, 11, 15
7_4_06 4, 12, 16, 8, 9, 1, 5
3_28_10 4, 12, 8
1_28_08 11
3_3_22 12, 4, 16
1_26_02 16
1_15_06 15
1_29_20 14
8_12_00 3, 11, 15, 7, 4, 12, 16, 8
4_24_04 4, 12, 16, 8
4_21_12 8, 16, 4, 12
1_11_00 11
7_16_08 8, 16, 4, 12, 9, 1, 5
1_15_08 16
7_23_22 13, 5, 9, 1, 6, 14, 2
7_4_22 12, 4, 8, 16, 1, 9, 13
8_9_06 6, 14, 2, 10, 7, 15, 3, 11
1_25_22 14
4_7_10 7, 15, 3, 11
6_23_00 2, 10, 14, 6, 3, 11
4_17_04 3, 11, 15, 7
8_4_08 5, 13, 1, 9, 6, 14, 2, 10
3_22_18 7, 15, 3
4_19_12 7, 15, 3, 11
4_22_06 5, 13, 1, 9
7_16_20 14, 6, 10, 2, 15, 7, 11
2_28_22 10, 2
1_18_02 14
3_25_00 3, 11, 15
8_6_14 9, 1, 5, 13, 10, 2, 6, 14
4_26_02 4, 12, 16, 8
3_9_02 4, 12, 16
7_20_04 3, 11, 15, 7, 8, 16, 4
5_28_04 5, 13, 1, 9, 10
4_20_22 12, 4, 8, 16
4_5_16 10, 2, 6, 14
3_19_16 9, 1, 13
8_23_18 11, 3, 7, 15, 12, 4, 8, 16
4_13_06 7, 15, 3, 11
6_12_04 5, 13, 1, 9, 2, 10
5_19_02 2, 10, 14, 6, 11
3_14_04 2, 10, 14
1_18_16 5
8_27_08 7, 15, 3, 11, 8, 16, 4, 12
3_30_02 1, 9, 13
3_18_20 7, 15, 3
6_17_04 3, 11, 15, 7, 4, 12
8_30_20 14, 6, 10, 2, 11, 3, 7, 15
7_19_22 12, 4, 8, 16, 5, 13, 1
7_21_08 6, 14, 2, 10, 7, 15, 3
8_8_14 9, 1, 5, 13, 10, 2, 6, 14
6_19_00 1, 9, 13, 5, 2, 10
7_8_22 13, 5, 9, 1, 2, 10, 14
4_2_18 10, 2, 6, 14
8_23_10 7, 15, 3, 11, 8, 16, 4, 12
3_16_06 3, 11, 7
1_29_22 15
8_2_00 1, 9, 13, 5, 2, 10, 14, 6
5_14_18 13, 5, 9, 1, 6
6_29_12 10, 2, 6, 14, 7, 15
1_16_20 2
8_29_18 13, 5, 9, 1, 10, 2, 6, 14
2_30_18 9, 1
4_30_16 12, 4, 8, 16
1_20_12 11
2_16_08 4, 12
3_14_10 5, 13, 1
4_3_04 3, 11, 15, 7
1_7_00 10
6_4_18 10, 2, 6, 14, 7, 15
5_21_14 9, 1, 5, 13, 10
7_11_10 8, 16, 4, 12, 1, 9, 13
6_3_02 2, 10, 14, 6, 3, 11
2_14_06 3, 11
2_4_18 6, 14
2_24_14 5, 13
7_29_16 12, 4, 8, 16, 9, 1, 5
5_24_18 11, 3, 7, 15, 16
3_27_18 12, 4, 16
6_31_04 6, 14, 2, 10, 3, 11
5_13_12 10, 2, 6, 14, 7
3_21_10 7, 15, 3
5_10_12 9, 1, 5, 13, 6
6_28_16 11, 3, 7, 15, 8, 16
3_28_00 15, 7, 3
6_30_08 8, 16, 4, 12, 1, 9
1_15_18 5
4_19_06 4, 12, 16, 8
8_8_00 2, 10, 14, 6, 3, 11, 15, 7
8_28_22 14, 6, 10, 2, 15, 7, 11, 3
8_19_16 9, 1, 5, 13, 10, 2, 6, 14
7_15_18 13, 5, 9, 1, 2, 10, 14
8_12_00 3, 11, 15, 7, 4, 12, 16, 8
1_25_08 7
4_5_00 2, 10, 14, 6
7_29_22 15, 7, 11, 3, 12, 4, 8
3_12_10 4, 12, 8
3_19_06 4, 12, 8
2_1_12 7, 15
1_13_10 9
6_5_10 7, 15, 3, 11, 8, 16
8_7_14 9, 1, 5, 13, 10, 2, 6, 14
6_11_10 8, 16, 4, 12, 9, 1
1_21_10 7
8_20_20 11, 3, 7, 15, 12, 4, 8, 16
1_26_08 3
2_11_06 6, 14
3_14_00 16, 8, 12
4_13_10 9, 1, 5, 13
6_9_00 3, 11, 15, 7, 4, 12
8_21_00 2, 10, 14, 6, 3, 11, 15, 7
4_13_20 14, 6, 10, 2
1_5_20 12
4_17_14 8, 16, 4, 12
4_31_08 8, 16, 12
6_23_14 9, 1, 5, 13, 10, 2
7_19_06 4, 12, 16, 8, 13, 5, 9
8_10_04 5, 13, 1, 9, 6, 14, 2, 10
5_18_22 12, 4, 8, 16, 9
6_5_20 12, 4, 8, 16, 13, 5
5_22_04 4, 12, 16, 8, 1
2_7_16 10, 2
3_7_04 4, 12, 8
8_9_08 7, 15, 3, 11, 8, 16, 4, 12
3_15_18 13, 5, 1
8_25_16 11, 3, 7, 15, 12, 4, 8, 16
6_6_08 6, 14, 2, 10, 3, 11
8_3_06 4, 12, 16, 8, 5, 13, 1, 9
3_12_04 1, 9, 5
8_25_06 6, 14, 2, 10, 7, 15, 3, 11
7_13_00 4, 12, 16, 8, 1, 9, 13
8_1_06 4, 12, 16, 8, 5, 13, 1, 9
1_2_00 13
6_30_00 4, 12, 16, 8, 13, 5
8_24_12 8, 16, 4, 12, 9, 1, 5, 13
5_13_00 4, 12, 16, 8, 1
2_2_20 7, 15
2_7_08 6, 14
8_9_06 6, 14, 2, 10, 7, 15, 3, 11
3_7_12 8, 16, 12
4_26_02 4, 12, 16, 8
4_22_02 3, 11, 15, 7
2_16_08 4, 12
6_4_04 3, 11, 15, 7, 16, 8
3_1_14 8, 16, 4
4_27_06 6, 14, 2, 10
4_22_06 5, 13, 1, 9
7_26_00 3, 11, 15, 7, 16, 8, 12
2_15_06 7, 15
1_20_16 13
4_9_02 4, 12, 16, 8
2_3_20 11, 3
4_10_10 8, 16, 4, 12
4_7_06 5, 13, 1, 9
2_21_02 3, 11
8_5_18 11, 3, 7, 15, 12, 4, 8, 16
2_9_18 12, 4
2_12_14 6, 14
1_14_00 16
6_1_22 12, 4, 8, 16, 13, 5
1_23_08 14
4_13_04 6, 14, 2, 10
2_9_12 9, 1
4_14_16 12, 4, 8, 16
3_21_04 4, 12, 16
1_7_00 10
4_9_08 7, 15, 3, 11
4_21_22 13, 5, 9, 1
1_28_16 15
4_27_04 5, 13, 1, 9
7_24_04 4, 12, 16, 8, 9, 1, 5
2_17_04 3, 11
2_25_06 6, 14
4_11_12 9, 1, 5, 13
1_31_00 12
4_29_16 12, 4, 8, 16
3_25_20 13, 5, 9
7_5_18 11, 3, 7, 15, 12, 4, 8
7_21_10 7, 15, 3, 11, 8, 16, 4
4_24_14 9, 1, 5, 13
3_21_10 7, 15, 3
1_31_04 14
4_27_16 11, 3, 7, 15
4_21_10 7, 15, 3, 11
5_4_06 4, 12, 16, 8, 9
4_15_10 9, 1, 5, 13
6_6_10 7, 15, 3, 11, 4, 12
2_30_12 6, 14
6_29_10 9, 1, 5, 13, 6, 14
6_11_02 4, 12, 16, 8, 5, 13
3_1_08 5, 13, 1
5_7_00 2, 10, 14, 6, 11
1_1_00 1
8_3_12 7, 15, 3, 11, 8, 16, 4, 12
8_3_04 3, 11, 15, 7, 4, 12, 16, 8
6_28_00 3, 11, 15, 7, 16, 8
6_29_00 4, 12, 16, 8, 1, 9
2_11_22 14, 6
8_7_18 11, 3, 7, 15, 12, 4, 8, 16
1_14_14 7
1_31_22 7
3_30_20 10, 2, 6
2_4_16 5, 13
2_24_04 16, 8
8_17_14 8, 16, 4, 12, 9, 1, 5, 13
5_2_14 8, 16, 4, 12, 5
7_29_02 5, 13, 1, 9, 2, 10, 14
1_12_08 11
6_31_00 4, 12, 16, 8, 1, 9
4_28_18 12, 4, 8, 16
5_20_18 10, 2, 6, 14, 15
7_15_00 4, 12, 16, 8, 9, 1, 5
4_23_08 6, 14, 2, 10
4_13_22 15, 7, 11, 3
3_10_16 7, 15, 3
2_22_20 8, 16
4_29_00 4,12, 16, 8
3_27_22 14, 6, 2
8_30_10 9, 1, 5, 13, 6, 14, 2, 10
4_5_18 11, 3, 7, 15
4_1_20 11, 3, 7, 15
5_2_10 6, 14, 2, 10, 3
8_18_10 6, 14, 2, 10, 7, 15, 3, 11
1_25_08 7
3_9_20 13, 5, 9
7_16_06 7, 15, 3, 11, 8, 16, 4
2_1_18 10, 2
2_14_02 1, 9
6_1_00 1, 9, 13, 5, 2, 10
2_21_20 12, 4
7_10_08 7, 15, 3, 11, 4, 12, 16
2_6_14 5, 13
3_18_04 15, 7, 11
6_26_20 13, 5, 9, 1, 10, 2
3_14_06 3, 11, 15
1_14_10 5
2_10_02 16, 8
8_20_14 8, 16, 4, 12, 9, 1, 5, 13
4_13_18 13, 5, 9, 1
6_23_14 9, 1, 5, 13, 10, 2
6_16_16 12, 4, 8, 16, 5, 13
7_8_14 9, 1, 5, 13, 14, 6, 10
4_9_22 14, 6, 10, 2
7_24_04 4, 12, 16, 8, 9, 1, 5
1_6_04 16
3_11_18 12, 4, 16
8_11_14 10, 2, 6, 14, 11, 3, 7, 15
4_2_08 5, 13, 1, 9
3_9_12 9, 1, 5
5_11_00 3, 11, 15, 7, 12
4_31_22 15, 7, 11, 3
7_30_08 8, 16, 4, 12, 1, 9, 13
4_25_18 12, 4, 8, 16
2_25_08 7, 15
4_11_02 4, 12, 16, 8
1_21_16 10
4_5_00 2, 10, 14, 6
6_24_00 2, 10, 14, 6, 15, 7
1_31_12 2
8_18_06 4, 12, 16, 8, 5, 13, 1, 9
2_30_02 1, 9
1_24_20 16
3_30_22 11, 3, 7
8_2_18 10, 2, 6, 14, 11, 3, 7, 15
3_16_12 6, 14, 10
7_2_14 8, 16, 4, 12, 5, 13, 1
6_23_00 2, 10, 14, 6, 3, 11
1_25_00 3
8_1_06 4, 12, 16, 8, 5, 13, 1, 9
6_6_02 3, 11, 15, 7, 16, 8
2_5_16 10, 2
2_26_06 2, 10
8_6_02 3, 11, 15, 7, 4, 12, 16, 8
8_7_12 8, 16, 4, 12, 9, 1, 5, 13
1_15_08 16
6_18_12 7, 15, 3, 11, 4, 12
6_31_20 14, 6, 10, 2, 11, 3
5_3_04 3, 11, 15, 7, 12
8_5_02 3, 11, 15, 7, 4, 12, 16, 8
6_13_14 11, 3, 7, 15, 8, 16
8_13_08 8, 16, 4, 12, 5, 13, 1, 9
3_13_14 11, 3, 7
8_23_16 10, 2, 6, 14, 11, 3, 7, 15
1_22_16 6
4_19_14 8, 16, 4, 12
1_29_00 4
3_30_04 2, 10, 14
4_31_12 10, 2, 6, 14
7_20_04 3, 11, 15, 7, 8, 16, 4
8_15_10 9, 1, 5, 13, 6, 14, 2, 10
2_17_12 7, 15
4_26_00 3, 11, 15, 7
2_13_12 10, 2
1_5_16 10
1_13_10 9
1_29_12 10
7_20_10 6, 14, 2, 10, 11, 3, 7
4_9_10 8, 16, 4, 12
2_10_18 8, 16
5_31_22 15, 7, 11, 3, 4
6_6_12 8, 16, 4, 12, 5, 13
2_30_02 1, 9
8_9_04 5, 13, 1, 9, 6, 14, 2, 10
4_30_18 13, 5, 9, 1
1_31_16 4
6_4_00 1, 9, 13, 5, 14, 6
7_10_20 13, 5, 9, 1, 10, 2, 6
4_15_18 13, 5, 9, 1
7_11_04 5, 13, 1, 9, 14, 6, 10
1_1_08 5
6_1_04 3, 11, 15, 7, 4, 12
4_18_02 2, 10, 14, 6
4_6_12 8, 16, 4, 12
2_29_20 14, 6
1_31_02 13
5_6_06 5, 13, 1, 9, 2
8_6_06 5, 13, 1, 9, 6, 14, 2, 10
2_2_06 16, 8
6_17_18 10, 2, 6, 14, 11, 3
1_23_14 1
1_28_08 11
4_6_22 13, 5, 9, 1
3_30_04 2, 10, 14
1_22_14 5
3_22_20 8, 16, 4
6_21_00 2, 10, 14, 6, 3, 11
2_14_08 4, 12
6_10_18 12, 4, 8, 16, 9, 1
2_10_06 2, 10
8_27_04 5, 13, 1, 9, 6, 14, 2, 10
7_28_10 8, 16, 4, 12, 13, 5, 9
1_19_04 11
7_6_20 12, 4, 8, 16, 9, 1, 5
2_23_16 10, 2
2_26_14 6, 14
3_5_16 10, 2, 6
4_23_18 11, 3, 7, 15
3_8_14 5, 13, 9
3_16_02 1, 9, 5
7_10_16 11, 3, 7, 15, 8, 16, 4
7_3_20 11, 3, 7, 15, 4, 12, 16
6_31_00 4, 12, 16, 8, 1, 9
6_9_12 9, 1, 5, 13, 10, 2
4_29_02 5, 13, 1, 9
4_4_22 12, 4, 8, 16
6_9_10 8, 16, 4, 12, 9, 1
1_22_04 16
2_11_04 5, 13
1_4_08 9
6_26_18 12, 4, 8, 16, 9, 1
7_20_22 12, 4, 8, 16, 1, 9, 13
6_2_00 1, 9, 13, 5, 14, 6
1_26_08 3
3_3_08 5, 13, 9
8_29_14 11, 3, 7, 15, 8, 16, 4, 12
1_4_10 10
3_22_00 14, 6, 10
1_9_04 5
3_27_06 6, 14, 10
2_19_18 10, 2
5_12_06 6, 14, 2, 10, 11
5_12_22 14, 6, 10, 2, 3
2_27_06 6, 14
4_26_20 13, 5, 9, 1
1_25_06 6
8_21_08 6, 14, 2, 10, 7, 15, 3, 11
7_31_04 6, 14, 2, 10, 11, 3, 7
2_16_04 2, 10
3_17_14 8, 16, 4
8_16_06 7, 15, 3, 11, 4, 12, 16, 8
4_27_14 10, 2, 6, 14
7_27_18 12, 4, 8, 16, 5, 13, 1
5_11_00 3, 11, 15, 7, 12
3_17_00 1, 9, 13
6_25_20 13, 5, 9, 1, 14, 6
4_30_10 9, 1, 5, 13
2_28_18 8, 16
8_21_00 2, 10, 14, 6, 3, 11, 15, 7
1_10_02 16
7_11_02 4, 12, 16, 8, 13, 5, 9
1_11_12 1
4_15_10 9, 1, 5, 13
1_1_02 2
5_2_08 5, 13, 1, 9, 2
5_3_02 2, 10, 14, 6, 11
8_8_08 6, 14, 2, 10, 7, 15, 3, 11
3_26_08 3, 11, 15
1_11_14 2
5_7_20 12, 4, 8, 16, 5
1_9_22 14
5_13_06 7, 15, 3, 11, 4
8_10_18 12, 4, 8, 16, 13, 5, 9, 1
2_31_18 13, 5
1_19_16 1
6_27_04 5, 13, 1, 9, 6, 14
4_18_00 1, 9, 13, 5
4_23_22 13, 5, 9, 1
2_26_08 3, 11
7_1_08 5, 13, 1, 9, 6, 14, 2
4_19_00 1, 9, 13, 5
4_18_00 1, 9, 13, 5
5_22_00 2, 10, 14, 6, 15
8_31_06 7, 15, 3, 11, 4, 12, 16, 8
7_12_18 12, 4, 8, 16, 1, 9, 13
1_5_08 6
7_16_04 6, 14, 2, 10, 7, 15, 3
8_24_10 7, 15, 3, 11, 8, 16, 4, 12
2_24_18 7, 15
4_1_00 1, 9, 13, 5
8_20_06 4, 12, 16, 8, 5, 13, 1, 9
3_13_10 9, 1, 5
2_2_14 4, 12
4_2_16 9, 1, 5, 13
6_4_16 9, 1, 5, 13, 6, 14
3_30_04 2, 10, 14
5_26_00 3, 11, 15, 7, 16
8_3_04 3, 11, 15, 7, 4, 12, 16, 8
8_27_00 3, 11, 15, 7, 4, 12, 16, 8
6_13_20 14, 6, 10, 2, 11, 3
5_17_06 4, 12, 16, 8, 5
4_9_16 11, 3, 7, 15
2_4_14 4, 12
3_23_06 5, 13, 9
2_8_00 14, 6
8_30_18 13, 5, 9, 1, 10, 2, 6, 14
4_23_08 6, 14, 2, 10
6_2_06 4, 12, 16, 8, 1, 9
1_31_06 15
6_22_18 11, 3, 7, 15, 8, 16
5_20_18 10, 2, 6, 14, 15
5_14_22 15, 7, 11, 3, 8
7_4_18 10, 2, 6, 14, 15, 7, 11
2_28_16 7, 15
1_28_22 2
6_19_06 4, 12, 16, 8, 5, 13
6_22_22 13, 5, 9, 1, 10, 2
8_28_10 8, 16, 4, 12, 9, 1, 5, 13
1_28_20 1
2_16_10 5, 13
2_25_02 4, 12
2_22_06 1, 9
8_12_20 13, 5, 9, 1, 14, 6, 10, 2
5_17_04 3, 11, 15, 7, 4
4_19_08 5, 13, 1, 9
3_27_04 5, 13, 9
2_11_10 8, 16
8_11_02 4, 12, 16, 8, 5, 13, 1, 9
8_25_18 12, 4, 8, 16, 13, 5, 9, 1
5_9_18 12, 4, 8, 16, 13
5_14_22 15, 7, 11, 3, 8
1_26_00 15
7_27_14 10, 2, 6, 14, 3, 11, 15
4_18_16 9, 1, 5, 13
4_30_18 13, 5, 9, 1
1_16_00 8
3_8_20 8, 16, 12
8_25_08 7, 15, 3, 11, 8, 16, 4, 12
2_22_20 8, 16
3_21_06 5, 13, 1
3_1_18 10, 2, 6
4_9_16 11, 3, 7, 15
2_27_22 14, 6
4_5_02 3, 11, 15, 7
3_12_16 7, 15, 11
2_20_00 13, 5
8_30_22 15, 7, 11, 3, 12, 4, 8, 16
5_9_16 11, 3, 7, 15, 12
1_7_08 14
1_25_18 12
2_6_22 9, 1
2_6_12 4, 12
2_14_18 9, 1
4_2_06 4, 12, 16, 8
7_13_04 6, 14, 2, 10, 3, 11, 15
8_17_08 5, 13, 1, 9, 6, 14, 2, 10
5_11_22 14, 6, 10, 2, 7
5_25_06 6, 14, 2, 10, 7
3_27_18 12, 4, 16
1_3_06 12
8_18_18 10, 2, 6, 14, 11, 3, 7, 15
3_2_12 3, 11, 15
3_20_14 4, 12, 8
1_18_04 15
6_3_20 11, 3, 7, 15, 12, 4
2_11_04 5, 13
4_8_10 7, 15, 3, 11
5_27_20 13, 5, 9, 1, 6
1_16_18 1
8_16_02 5, 13, 1, 9, 2, 10, 14, 6
6_20_10 6, 14, 2, 10, 3, 11
7_1_22 12, 4, 8, 16, 13, 5, 9
7_8_12 8, 16, 4, 12, 13, 5, 9
4_5_14 9, 1, 5, 13
7_4_12 7, 15, 3, 11, 12, 4, 8
2_26_14 6, 14
5_20_18 10, 2, 6, 14, 15
3_29_08 8, 16, 4
2_10_20 9, 1
5_23_00 2, 10, 14, 6, 11
6_27_04 5, 13, 1, 9, 6, 14
7_20_20 11, 3, 7, 15, 16, 8, 12
3_10_00 15, 7, 11
2_27_00 3, 11
3_12_20 9, 1, 13
6_19_00 1, 9, 13, 5, 2, 10
7_12_22 14, 6, 10, 2, 3, 11, 15
3_28_14 6, 14, 10
8_23_04 4, 12, 16, 8, 5, 13, 1, 9
4_26_06 6, 14, 2, 10
6_31_02 5, 13, 1, 9, 2, 10
1_5_16 10
7_2_20 11, 3, 7, 15, 8, 16, 4
1_4_20 15
5_5_18 11, 3, 7, 15, 12
8_9_04 5, 13, 1, 9, 6, 14, 2, 10
8_18_18 10, 2, 6, 14, 11, 3, 7, 15
5_7_04 4, 12, 16, 8, 13
2_19_10 6, 14
5_31_16 12, 4, 8, 16, 1
4_25_02 4, 12, 16, 8
2_21_00 2, 10
1_12_12 13
6_2_10 6, 14, 2, 10, 3, 11
1_8_22 1
1_3_06 12
7_29_10 9, 1, 5, 13, 6, 14, 2
3_7_22 13, 5, 1
5_21_22 13, 5, 9, 1, 14
4_6_14 9, 1, 5, 13
5_1_20 11, 3, 7, 15, 12
1_23_06 13
2_1_14 8, 16
5_17_12 7, 15, 3, 11, 8
3_26_04 1, 9, 13
7_19_12 7, 15, 3, 11, 16, 8, 12
1_13_06 7
2_20_02 14, 6
6_10_16 11, 3, 7, 15, 8, 16
5_13_22 15, 7, 11, 3, 12
1_24_00 6
5_25_06 6, 14, 2, 10, 7
8_12_20 13, 5, 9, 1, 14, 6, 10, 2
4_29_02 5, 13, 1, 9
3_17_20 11, 3, 7
1_5_02 3
1_27_18 4
6_27_12 9, 1, 5, 13, 10, 2
7_15_04 6, 14, 2, 10, 11, 3, 7
8_18_20 11, 3, 7, 15, 12, 4, 8, 16
3_12_22 10, 2, 14
3_13_08 8, 16, 4
6_16_20 14, 6, 10, 2, 7, 15
2_10_22 10, 2
4_21_14 9, 1, 5, 13
8_2_00 1, 9, 13, 5, 2, 10, 14, 6
3_25_04 5, 13, 1
6_8_04 4, 12, 16, 8, 1, 9
5_2_02 2, 10, 14, 6, 15
3_28_12 5, 13, 9
7_11_08 7, 15, 3, 11, 16, 8, 12
4_28_16 11, 3, 7, 15
2_1_20 11, 3
1_11_08 15
1_6_10 3
1_31_14 3
6_19_20 11, 3, 7, 15, 12, 4
7_19_14 8, 16, 4, 12, 1, 9, 13
3_5_08 6, 14, 2
7_10_00 3, 11, 15, 7, 16, 8, 12
2_13_16 12, 4
2_12_08 3, 11
6_18_00 1, 9, 13, 5, 14, 6
7_7_00 2, 10, 14, 6, 11, 3, 7
4_22_14 9, 1, 5, 13
2_7_20 12, 4
4_4_20 11, 3, 7, 15
6_9_04 5, 13, 1, 9, 6, 14
7_16_14 11, 3, 7, 15, 12, 4, 8
8_19_18 10, 2, 6, 14, 11, 3, 7, 15
7_8_10 7, 15, 3, 11, 12, 4, 8
7_5_02 3, 11, 15, 7, 4, 12, 16
6_17_06 4, 12, 16, 8, 5, 13
6_15_04 6, 14, 2, 10, 3, 11
6_31_10 9, 1, 5, 13, 6, 14
1_18_00 13
4_24_04 4, 12, 16, 8
1_5_04 4
5_28_16 11, 3, 7, 15, 16
5_3_04 3, 11, 15, 7, 12
8_25_12 9, 1, 5, 13, 10, 2, 6, 14
1_22_10 3
4_16_16 12, 4, 8, 16
8_1_06 4, 12, 16, 8, 5, 13, 1, 9
5_5_06 5, 13, 1, 9, 6
2_16_22 11, 3
4_26_16 11, 3, 7, 15
6_16_08 8, 16, 4, 12, 1, 9
3_24_12 4, 12, 8
3_29_16 12, 4, 8
1_12_10 12
3_24_20 8, 16, 12
5_30_08 8, 16, 4, 12, 1
5_19_00 1, 9, 13, 5, 10
6_16_12 10, 2, 6, 14, 3, 11
6_11_16 11, 3, 7, 15, 12, 4
3_2_08 1, 9, 13
8_13_14 11, 3, 7, 15, 8, 16, 4, 12
5_5_00 2, 10, 14, 6, 3
4_10_22 14, 6, 10, 2
3_27_08 7, 15, 11
7_31_00 4, 12, 16, 8, 9, 1, 5
3_15_02 5, 13, 9
2_9_08 7, 15
7_20_18 10, 2, 6, 14, 15, 7, 11
4_4_02 2, 10, 14, 6
3_13_14 11, 3, 7
2_31_22 15, 7
8_14_12 10, 2, 6, 14, 7, 15, 3, 11
1_30_22 11
1_27_08 15
3_27_02 4, 12, 8
8_13_18 13, 5, 9, 1, 10, 2, 6, 14
7_12_16 11, 3, 7, 15, 16, 8, 12
4_6_14 9, 1, 5, 13
3_3_18 10, 2, 14
5_7_12 8, 16, 4, 12, 1
3_16_16 8, 16, 12
7_2_06 4, 12, 16, 8, 1, 9, 13
2_20_16 5, 13
8_31_10 9, 1, 5, 13, 6, 14, 2, 10
6_14_18 13, 5, 9, 1, 6, 14
2_3_08 5, 13
7_19_02 2, 10, 14, 6, 11, 3, 7
1_6_08 2
2_24_10 3, 11
2_6_04 16, 8
7_3_12 7, 15, 3, 11, 16, 8, 12
8_11_18 12, 4, 8, 16, 13, 5, 9, 1
1_10_20 9
7_8_12 8, 16, 4, 12, 13, 5, 9
8_5_02 3, 11, 15, 7, 4, 12, 16, 8
7_17_06 4, 12, 16, 8, 5, 13, 1
5_3_04 3, 11, 15, 7, 12
7_25_04 5, 13, 1, 9, 6, 14, 2
1_18_14 4
8_2_18 10, 2, 6, 14, 11, 3, 7, 15
1_18_22 8
5_29_06 7, 15, 3, 11, 4
7_17_04 3, 11, 15, 7, 4, 12, 16
7_13_08 8, 16, 4, 12, 5, 13, 1
4_9_22 14, 6, 10, 2
8_9_16 11, 3, 7, 15, 12, 4, 8, 16
2_23_06 5, 13
4_28_04 5, 13, 1, 9
4_22_08 6, 14, 2, 10
7_22_20 12, 4, 8, 16, 9, 1, 5
4_19_20 11, 3, 7, 15
3_5_22 13, 5, 9
6_3_12 7, 15, 3, 11, 8, 16
5_15_12 10, 2, 6, 14, 15
2_7_20 12, 4
3_31_10 9, 1, 13
3_10_00 15, 7, 11
8_14_06 7, 15, 3, 11, 4, 12, 16, 8
2_24_20 8, 16
1_4_00 5
3_8_06 1, 9, 5
5_9_16 11, 3, 7, 15, 12
4_20_22 12, 4, 8, 16
4_11_20 13, 5, 9, 1
5_5_22 13, 5, 9, 1, 14
7_27_04 5, 13, 1, 9, 14, 6, 10
4_15_20 14, 6, 10, 2
8_25_16 11, 3, 7, 15, 12, 4, 8, 16
3_13_06 7, 15, 3
4_7_04 4, 12, 16, 8
6_5_20 12, 4, 8, 16, 13, 5
5_29_04 6, 14, 2, 10, 3
4_23_16 10, 2, 6, 14
8_26_14 10, 2, 6, 14, 11, 3, 7, 15
7_20_22 12, 4, 8, 16, 1, 9, 13
3_31_04 6, 14, 10
2_14_02 1, 9
5_2_18 10, 2, 6, 14, 7
7_4_14 8, 16, 4, 12, 13, 5, 9
6_16_00 4, 12, 16, 8, 13, 5
6_19_16 9, 1, 5, 13, 10, 2
8_21_12 8, 16, 4, 12, 9, 1, 5, 13
5_18_20 11, 3, 7, 15, 8
3_20_00 13, 5, 1
2_21_02 3, 11
1_14_04 2
5_28_08 7, 15, 3, 11, 12
5_3_00 1, 9, 13, 5, 10
8_22_22 13, 5, 9, 1, 14, 6, 10, 2
8_13_02 5, 13, 1, 9, 2, 10, 14, 6
8_14_04 6, 14, 2, 10, 3, 11, 15, 7
7_8_18 11, 3, 7, 15, 16, 8, 12
7_14_14 11, 3, 7, 15, 4, 12, 16
7_30_12 10, 2, 6, 14, 3, 11, 15
7_3_06 4, 12, 16, 8, 13, 5, 9
3_17_10 6, 14, 2
6_24_12 8, 16, 4, 12, 5, 13
4_30_08 8, 16, 4, 12
6_15_14 11, 3, 7, 15, 8, 16
4_17_04 3, 11, 15, 7
3_24_10 3, 11, 7
6_24_04 4, 12, 16, 8, 1, 9
1_17_18 10
6_6_16 10, 2, 6, 14, 7, 15
2_9_22 14, 6
3_27_02 4, 12, 8
5_22_14 9, 1, 5, 13, 6
8_25_12 9, 1, 5, 13, 10, 2, 6, 14
4_15_18 13, 5, 9, 1
6_7_08 6, 14, 2, 10, 7, 15
6_26_04 5, 13, 1, 9, 2, 10
8_3_00 1, 9, 13, 5, 2, 10, 14, 6
3_18_02 14, 6, 10
2_18_04 15, 7
2_13_20 14, 6
1_16_04 10
4_6_22 13, 5, 9, 1
8_10_12 9, 1, 5, 13, 10, 2, 6, 14
1_28_04 9
2_24_06 1, 9
8_30_02 5, 13, 1, 9, 2, 10, 14, 6
7_6_08 6, 14, 2, 10, 3, 11, 15
5_24_00 2, 10, 14, 6, 7
6_2_16 9, 1, 5, 13, 6, 14
2_17_00 1, 9
8_30_08 8, 16, 4, 12, 5, 13, 1, 9
1_24_08 10
8_19_18 10, 2, 6, 14, 11, 3, 7, 15
8_23_02 3, 11, 15, 7, 4, 12, 16, 8
7_17_02 2, 10, 14, 6, 3, 11, 15
3_8_22 9, 1, 13
1_10_16 7
4_24_20 12, 4, 8, 16
8_19_20 11, 3, 7, 15, 12, 4, 8, 16
7_14_14 11, 3, 7, 15, 4, 12, 16
7_18_22 12, 4, 8, 16, 9, 1, 5
4_11_08 7, 15, 3, 11
5_8_12 8, 16, 4, 12, 13
1_28_04 9
3_27_02 4, 12, 8
2_26_00 15, 7
2_27_10 8, 16
4_25_12 9, 1, 5, 13
3_10_16 7, 15, 3
3_27_08 7, 15, 11
5_19_04 3, 11, 15, 7, 12
4_24_04 4, 12, 16, 8
5_25_20 13, 5, 9, 1, 14
3_15_12 10, 2, 14
8_31_10 9, 1, 5, 13, 6, 14, 2, 10
8_5_14 9, 1, 5, 13, 10, 2, 6, 14
2_8_04 16, 8
1_25_00 3
3_17_10 6, 14, 2
6_10_00 3, 11, 15, 7, 16, 8
1_2_10 2
2_27_16 11, 3
4_28_08 7, 15, 3, 11
4_16_08 8, 16, 4, 12
4_12_14 10, 2, 6, 14
8_9_12 9, 1, 5, 13, 10, 2, 6, 14
4_28_12 9, 1, 5, 13
