7_5_08 6, 14, 2, 10, 7, 15, 3
3_26_00 15, 7, 11
5_24_20 12, 4, 8, 16, 1
6_18_00 1, 9, 13, 5, 14, 6
5_6_20 12, 4, 8, 16, 9
7_8_02 3, 11, 15, 7, 8, 16, 4
5_29_16 12, 4, 8, 16, 9
6_11_00 3, 11, 15, 7, 4, 12
1_20_12 11
2_8_10 3, 11
7_20_00 1, 9, 13, 5, 6, 14, 2
8_18_00 1, 9, 13, 5, 2, 10, 14, 6
3_22_14 5, 13, 1
3_19_18 10, 2, 14
2_15_06 7, 15
5_14_18 13, 5, 9, 1, 6
8_29_04 6, 14, 2, 10, 3, 11, 15, 7
3_15_06 7, 15, 11
6_11_16 11, 3, 7, 15, 12, 4
1_4_18 14
3_3_10 6, 14, 10
3_15_18 13, 5, 1
2_18_02 14, 6
8_25_20 13, 5, 9, 1, 14, 6, 10, 2
5_13_22 15, 7, 11, 3, 12
8_14_00 4, 12, 16, 8, 1, 9, 13, 5
7_7_02 3, 11, 15, 7, 12, 4, 8
4_2_16 9, 1, 5, 13
6_17_16 9, 1, 5, 13, 10, 2
5_10_00 3, 11, 15, 7, 16
7_3_04 3, 11, 15, 7, 12, 4, 8
1_19_16 1
2_18_02 14, 6
6_25_02 4, 12, 16, 8, 5, 13
1_7_04 12
3_28_08 3, 11, 7
6_3_12 7, 15, 3, 11, 8, 16
3_9_14 10, 2, 6
6_4_18 10, 2, 6, 14, 7, 15
8_20_18 10, 2, 6, 14, 11, 3, 7, 15
8_17_06 4, 12, 16, 8, 5, 13, 1, 9
8_13_16 12, 4, 8, 16, 9, 1, 5, 13
6_14_14 11, 3, 7, 15, 4, 12
6_30_06 7, 15, 3, 11, 16, 8
1_7_04 12
7_25_08 7, 15, 3, 11, 8, 16, 4
6_26_00 3, 11, 15, 7, 16, 8
7_31_12 10, 2, 6, 14, 15, 7, 11
1_7_06 13
8_1_10 6, 14, 2, 10, 7, 15, 3, 11
8_30_06 7, 15, 3, 11, 4, 12, 16, 8
4_27_06 6, 14, 2, 10
2_10_02 16, 8
3_15_06 7, 15, 11
3_9_00 3, 11, 15
3_6_20 8, 16, 4
1_10_10 4
7_10_12 9, 1, 5, 13, 6, 14, 2
4_9_18 12, 4, 8, 16
5_1_00 1, 9, 13, 5, 2
7_12_22 14, 6, 10, 2, 3, 11, 15
5_18_10 6, 14, 2, 10, 3
8_3_18 10, 2, 6, 14, 11, 3, 7, 15
6_10_08 7, 15, 3, 11, 4, 12
1_28_06 10
4_2_16 9, 1, 5, 13
7_9_10 8, 16, 4, 12, 9, 1, 5
5_18_06 4, 12, 16, 8, 1
3_11_10 8, 16, 12
3_29_04 6, 14, 2
2_3_12 7, 15
6_14_04 6, 14, 2, 10, 15, 7
5_14_10 9, 1, 5, 13, 2
7_30_00 4, 12, 16, 8, 13, 5, 9
5_3_12 7, 15, 3, 11, 16
4_30_08 8, 16, 4, 12
4_24_16 10, 2, 6, 14
1_26_12 5
8_2_06 4, 12, 16, 8, 5, 13, 1, 9
7_12_20 13, 5, 9, 1, 2, 10, 14
6_14_14 11, 3, 7, 15, 4, 12
1_17_16 9
1_29_20 14
3_18_04 15, 7, 11
6_16_02 5, 13, 1, 9, 14, 6
7_27_16 11, 3, 7, 15, 4, 12, 16
2_30_22 11, 3
7_11_18 12, 4, 8, 16, 5, 13, 1
1_13_16 12
2_10_04 1, 9
2_12_00 15, 7
7_30_02 5, 13, 1, 9, 14, 6, 10
7_22_10 7, 15, 3, 11, 4, 12, 16
3_20_12 3, 11, 7
2_18_00 13, 5
7_22_08 6, 14, 2, 10, 3, 11, 15
3_17_18 10, 2, 6
6_26_16 11, 3, 7, 15, 8, 16
3_19_10 6, 14, 10
1_23_10 15
6_7_18 11, 3, 7, 15, 12, 4
1_10_06 2
1_22_22 9
5_18_02 2, 10, 14, 6, 15
2_18_02 14, 6
1_13_16 12
7_1_08 5, 13, 1, 9, 6, 14, 2
6_12_20 13, 5, 9, 1, 10, 2
3_13_18 13, 5, 9
2_13_22 15, 7
8_4_18 10, 2, 6, 14, 11, 3, 7, 15
7_26_20 13, 5, 9, 1, 10, 2, 6
6_22_08 6, 14, 2, 10, 3, 11
2_25_18 12, 4
8_7_14 9, 1, 5, 13, 10, 2, 6, 14
2_15_14 11, 3
8_19_22 12, 4, 8, 16, 13, 5, 9, 1
4_8_08 6, 14, 2, 10
1_29_02 5
7_6_02 3, 11, 15, 7, 16, 8, 12
2_7_04 4, 12
5_14_22 15, 7, 11, 3, 8
1_25_14 10
1_27_14 2
6_22_12 8, 16, 4, 12, 5, 13
1_20_22 16
6_28_16 11, 3, 7, 15, 8, 16
2_10_04 1, 9
1_4_04 7
1_19_08 13
4_4_16 9, 1, 5, 13
6_1_18 10, 2, 6, 14, 11, 3
3_21_16 10, 2, 6
8_14_14 11, 3, 7, 15, 8, 16, 4, 12
7_20_06 4, 12, 16, 8, 9, 1, 5
5_21_18 11, 3, 7, 15, 12
5_19_00 1, 9, 13, 5, 10
2_21_18 11, 3
5_3_06 4, 12, 16, 8, 13
3_24_12 4, 12, 8
1_1_02 2
1_30_02 1
3_30_08 4, 12, 16
8_8_16 10, 2, 6, 14, 11, 3, 7, 15
4_5_18 11, 3, 7, 15
5_8_18 11, 3, 7, 15, 16
5_20_10 6, 14, 2, 10, 11
8_14_10 9, 1, 5, 13, 6, 14, 2, 10
4_2_20 11, 3, 7, 15
6_1_12 7, 15, 3, 11, 8, 16
6_3_16 9, 1, 5, 13, 10, 2
6_31_16 12, 4, 8, 16, 9, 1
1_31_18 5
5_5_18 11, 3, 7, 15, 12
5_19_10 6, 14, 2, 10, 15
4_19_14 8, 16, 4, 12
1_15_08 16
6_22_04 4, 12, 16, 8, 1, 9
3_7_04 4, 12, 8
3_30_00 16, 8, 12
2_22_14 5, 13
4_30_06 7, 15, 3, 11
4_19_10 6, 14, 2, 10
8_16_20 14, 6, 10, 2, 11, 3, 7, 15
1_24_06 9
3_28_10 4, 12, 8
5_24_22 13, 5, 9, 1, 2
2_24_22 9, 1
7_16_00 4, 12, 16, 8, 5, 13, 1
1_24_14 13
1_15_00 12
6_23_16 10, 2, 6, 14, 11, 3
3_9_04 5, 13, 1
8_22_22 13, 5, 9, 1, 14, 6, 10, 2
7_1_04 3, 11, 15, 7, 4, 12, 16
2_16_14 7, 15
6_11_20 13, 5, 9, 1, 14, 6
6_20_18 10, 2, 6, 14, 7, 15
3_9_12 9, 1, 5
4_5_12 8, 16, 4, 12
7_11_10 8, 16, 4, 12, 1, 9, 13
7_16_10 9, 1, 5, 13, 10, 2, 6
1_27_16 3
2_13_16 12, 4
8_22_08 6, 14, 2, 10, 7, 15, 3, 11
6_24_06 5, 13, 1, 9, 2, 10
7_23_04 4, 12, 16, 8, 13, 5, 9
8_12_02 4, 12, 16, 8, 5, 13, 1, 9
7_5_22 13, 5, 9, 1, 14, 6, 10
4_5_02 3, 11, 15, 7
2_18_12 3, 11
8_16_06 7, 15, 3, 11, 4, 12, 16, 8
6_8_12 8, 16, 4, 12, 5, 13
3_6_00 14, 6, 10
3_2_14 4, 12, 16
8_12_20 13, 5, 9, 1, 14, 6, 10, 2
6_16_20 14, 6, 10, 2, 7, 15
6_31_02 5, 13, 1, 9, 2, 10
5_12_22 14, 6, 10, 2, 3
1_18_06 16
5_5_06 5, 13, 1, 9, 6
5_20_02 2, 10, 14, 6, 7
3_7_00 2, 10, 6
5_24_16 10, 2, 6, 14, 15
8_5_10 7, 15, 3, 11, 8, 16, 4, 12
3_27_16 11, 3, 15
2_9_02 4, 12
7_14_14 11, 3, 7, 15, 4, 12, 16
1_7_20 4
1_25_00 3
3_3_08 5, 13, 9
1_5_12 8
7_28_16 11, 3, 7, 15, 16, 8, 12
5_30_18 13, 5, 9, 1, 6
8_6_18 11, 3, 7, 15, 12, 4, 8, 16
2_25_20 13, 5
1_6_00 14
5_31_04 6, 14, 2, 10, 11
7_7_10 7, 15, 3, 11, 16, 8, 12
6_20_12 7, 15, 3, 11, 4, 12
3_23_18 11, 3, 15
7_19_14 8, 16, 4, 12, 1, 9, 13
6_7_12 8, 16, 4, 12, 9, 1
6_7_04 4, 12, 16, 8, 5, 13
8_19_12 7, 15, 3, 11, 8, 16, 4, 12
5_25_08 7, 15, 3, 11, 8
5_17_04 3, 11, 15, 7, 4
8_27_02 4, 12, 16, 8, 5, 13, 1, 9
7_25_14 10, 2, 6, 14, 11, 3, 7
5_28_02 4, 12, 16, 8, 9
6_13_00 4, 12, 16, 8, 1, 9
3_31_14 11, 3, 15
1_8_16 14
6_9_22 14, 6, 10, 2, 15, 7
6_15_10 9, 1, 5, 13, 6, 14
4_18_22 12, 4, 8, 16
2_15_12 10, 2
8_26_12 9, 1, 5, 13, 10, 2, 6, 14
8_6_18 11, 3, 7, 15, 12, 4, 8, 16
5_10_02 4, 12, 16, 8, 1
2_18_18 6, 14
2_28_22 10, 2
8_25_20 13, 5, 9, 1, 14, 6, 10, 2
8_8_04 4, 12, 16, 8, 5, 13, 1, 9
5_21_06 5, 13, 1, 9, 6
4_5_10 7, 15, 3, 11
8_19_04 3, 11, 15, 7, 4, 12, 16, 8
1_1_04 3
5_5_10 7, 15, 3, 11, 8
4_2_00 1, 9, 13, 5
8_15_08 8, 16, 4, 12, 5, 13, 1, 9
7_19_22 12, 4, 8, 16, 5, 13, 1
4_30_20 14, 6, 10, 2
4_3_14 8, 16, 4, 12
7_6_00 2, 10, 14, 6, 15, 7, 11
5_2_14 8, 16, 4, 12, 5
8_31_10 9, 1, 5, 13, 6, 14, 2, 10
1_3_06 12
8_18_02 2, 10, 14, 6, 3, 11, 15, 7
3_8_02 15, 7, 3
7_2_10 6, 14, 2, 10, 3, 11, 15
8_25_12 9, 1, 5, 13, 10, 2, 6, 14
2_19_08 5, 13
8_16_16 12, 4, 8, 16, 9, 1, 5, 13
5_25_00 3, 11, 15, 7, 4
1_21_20 12
1_12_12 13
4_11_18 12, 4, 8, 16
4_31_08 8, 16, 12
2_22_22 9, 1
3_19_02 2, 10, 6
3_31_16 12, 4, 16
8_3_18 10, 2, 6, 14, 11, 3, 7, 15
7_30_18 13, 5, 9, 1, 6, 14, 2
2_1_18 10, 2
5_11_14 10, 2, 6, 14, 3
4_17_06 4, 12, 16, 8
1_11_04 13
1_3_20 3
1_5_20 12
6_13_16 12, 4, 8, 16, 9, 1
7_16_20 14, 6, 10, 2, 15, 7, 11
5_24_04 4, 12, 16, 8, 9
3_23_08 6, 14, 10
3_12_22 10, 2, 14
5_21_14 9, 1, 5, 13, 10
8_24_12 8, 16, 4, 12, 9, 1, 5, 13
7_26_08 7, 15, 3, 11, 4, 12, 16
4_23_12 8, 16, 4, 12
5_22_08 6, 14, 2, 10, 3
4_13_20 14, 6, 10, 2
4_18_08 5, 13, 1, 9
1_23_12 16
8_15_04 6, 14, 2, 10, 3, 11, 15, 7
2_10_06 2, 10
5_24_10 7, 15, 3, 11, 12
2_23_00 2, 10
8_11_02 4, 12, 16, 8, 5, 13, 1, 9
4_17_12 7, 15, 3, 11
7_12_08 7, 15, 3, 11, 12, 4, 8
8_22_18 11, 3, 7, 15, 12, 4, 8, 16
8_23_10 7, 15, 3, 11, 8, 16, 4, 12
2_23_16 10, 2
7_19_10 6, 14, 2, 10, 15, 7, 11
4_9_20 13, 5, 9, 1
4_27_14 10, 2, 6, 14
3_14_22 11, 3, 7
2_19_08 5, 13
6_24_10 7, 15, 3, 11, 4, 12
4_8_10 7, 15, 3, 11
8_4_20 11, 3, 7, 15, 12, 4, 8, 16
7_22_02 3, 11, 15, 7, 16, 8, 12
1_31_00 12
7_17_16 9, 1, 5, 13, 10, 2, 6
3_20_16 5, 13, 9
8_7_14 9, 1, 5, 13, 10, 2, 6, 14
6_14_12 10, 2, 6, 14, 3, 11
2_24_18 7, 15
7_15_06 7, 15, 3, 11, 12, 4, 8
8_14_16 12, 4, 8, 16, 9, 1, 5, 13
6_14_10 9, 1, 5, 13, 2, 10
3_30_10 5, 13, 1
7_9_04 5, 13, 1, 9, 6, 14, 2
6_5_16 10, 2, 6, 14, 11, 3
3_22_20 8, 16, 4
8_4_18 10, 2, 6, 14, 11, 3, 7, 15
8_29_22 15, 7, 11, 3, 12, 4, 8, 16
3_31_18 13, 5, 1
8_14_12 10, 2, 6, 14, 7, 15, 3, 11
5_20_16 9, 1, 5, 13, 14
7_27_08 7, 15, 3, 11, 16, 8, 12
2_3_12 7, 15
6_9_02 4, 12, 16, 8, 5, 13
3_17_20 11, 3, 7
6_4_02 2, 10, 14, 6, 15, 7
8_11_16 11, 3, 7, 15, 12, 4, 8, 16
4_3_02 2, 10, 14, 6
1_6_12 4
1_4_12 11
7_13_06 7, 15, 3, 11, 4, 12, 16
3_19_18 10, 2, 14
7_20_10 6, 14, 2, 10, 11, 3, 7
6_7_08 6, 14, 2, 10, 7, 15
8_24_00 2, 10, 14, 6, 3, 11, 15, 7
1_11_08 15
8_18_02 2, 10, 14, 6, 3, 11, 15, 7
1_16_00 8
1_4_20 15
2_5_00 2, 10
8_18_14 8, 16, 4, 12, 9, 1, 5, 13
6_26_12 9, 1, 5, 13, 6, 14
7_9_02 4, 12, 16, 8, 5, 13, 1
5_4_06 4, 12, 16, 8, 9
7_19_04 3, 11, 15, 7, 12, 4, 8
8_25_14 10, 2, 6, 14, 11, 3, 7, 15
2_17_14 8, 16
3_25_02 4, 12, 16
5_4_06 4, 12, 16, 8, 9
2_23_02 3, 11
6_28_20 13, 5, 9, 1, 10, 2
8_12_08 7, 15, 3, 11, 8, 16, 4, 12
2_26_04 1, 9
2_22_16 6, 14
5_6_18 11, 3, 7, 15, 8
8_29_02 5, 13, 1, 9, 2, 10, 14, 6
8_18_10 6, 14, 2, 10, 7, 15, 3, 11
3_20_14 4, 12, 8
7_14_08 8, 16, 4, 12, 1, 9, 13
8_23_02 3, 11, 15, 7, 4, 12, 16, 8
7_23_14 9, 1, 5, 13, 2, 10, 14
8_19_06 4, 12, 16, 8, 5, 13, 1, 9
6_17_18 10, 2, 6, 14, 11, 3
1_24_18 15
3_8_12 4, 12, 8
2_13_14 11, 3
2_27_16 11, 3
7_9_06 6, 14, 2, 10, 7, 15, 3
1_29_22 15
8_13_14 11, 3, 7, 15, 8, 16, 4, 12
2_11_06 6, 14
8_17_18 10, 2, 6, 14, 11, 3, 7, 15
7_19_14 8, 16, 4, 12, 1, 9, 13
5_30_10 9, 1, 5, 13, 2
3_16_06 3, 11, 7
7_1_06 4, 12, 16, 8, 5, 13, 1
5_9_08 7, 15, 3, 11, 8
4_11_00 3, 11, 15, 7
5_28_16 11, 3, 7, 15, 16
1_24_16 14
5_15_00 4, 12, 16, 8, 9
6_9_00 3, 11, 15, 7, 4, 12
8_4_10 6, 14, 2, 10, 7, 15, 3, 11
2_14_12 6, 14
2_6_20 8, 16
2_10_10 4, 12
8_8_06 5, 13, 1, 9, 6, 14, 2, 10
8_26_10 8, 16, 4, 12, 9, 1, 5, 13
4_19_08 5, 13, 1, 9
8_1_10 6, 14, 2, 10, 7, 15, 3, 11
5_3_16 9, 1, 5, 13, 2
3_27_20 13, 5, 1
1_3_02 10
7_7_00 2, 10, 14, 6, 11, 3, 7
2_31_04 6, 14
1_11_02 12
5_20_16 9, 1, 5, 13, 14
3_19_10 6, 14, 10
4_6_12 8, 16, 4, 12
6_6_10 7, 15, 3, 11, 4, 12
8_1_00 1, 9, 13, 5, 2, 10, 14, 6
5_22_10 7, 15, 3, 11, 4
5_4_10 6, 14, 2, 10, 11
7_28_12 9, 1, 5, 13, 14, 6, 10
2_17_06 4, 12
1_29_16 12
2_28_16 7, 15
7_6_08 6, 14, 2, 10, 3, 11, 15
8_26_12 9, 1, 5, 13, 10, 2, 6, 14
4_27_10 8, 16, 4, 12
3_18_16 5, 13, 1
6_25_18 12, 4, 8, 16, 13, 5
8_14_20 14, 6, 10, 2, 11, 3, 7, 15
2_29_08 8, 16
4_29_16 12, 4, 8, 16
1_31_16 4
4_16_00 4,12, 16, 8
6_17_18 10, 2, 6, 14, 11, 3
5_9_02 4, 12, 16, 8, 5
7_10_02 4, 12, 16, 8, 1, 9, 13
8_7_00 2, 10, 14, 6, 3, 11, 15, 7
4_27_12 9, 1, 5, 13
1_21_00 2
6_2_22 12, 4, 8, 16, 9, 1
5_6_22 13, 5, 9, 1, 10
4_15_02 5, 13, 1, 9
1_26_22 10
7_10_02 4, 12, 16, 8, 1, 9, 13
3_4_16 5, 13, 9
5_26_06 6, 14, 2, 10, 3
8_16_04 6, 14, 2, 10, 3, 11, 15, 7
1_25_18 12
2_15_08 8, 16
6_10_04 5, 13, 1, 9, 2, 10
1_1_06 4
8_24_04 4, 12, 16, 8, 5, 13, 1, 9
3_9_18 12, 4, 8
7_7_20 12, 4, 8, 16, 5, 13, 1
7_28_16 11, 3, 7, 15, 16, 8, 12
8_25_10 8, 16, 4, 12, 9, 1, 5, 13
3_14_00 16, 8, 12
5_27_10 8, 16, 4, 12, 1
5_9_16 11, 3, 7, 15, 12
2_30_02 1, 9
7_10_22 14, 6, 10, 2, 11, 3, 7
5_12_18 12, 4, 8, 16, 1
2_26_16 7, 15
6_16_20 14, 6, 10, 2, 7, 15
7_25_14 10, 2, 6, 14, 11, 3, 7
1_25_20 13
5_29_04 6, 14, 2, 10, 3
6_9_04 5, 13, 1, 9, 6, 14
5_20_12 7, 15, 3, 11, 12
3_26_08 3, 11, 15
3_8_02 15, 7, 3
1_31_06 15
4_9_08 7, 15, 3, 11
1_5_16 10
2_13_14 11, 3
1_25_08 7
6_30_14 11, 3, 7, 15, 4, 12
6_24_02 3, 11, 15, 7, 16, 8
6_19_02 2, 10, 14, 6, 3, 11
2_12_20 9, 1
7_7_20 12, 4, 8, 16, 5, 13, 1
4_17_12 7, 15, 3, 11
5_22_16 10, 2, 6, 14, 7
4_20_04 3, 11, 15, 7
8_30_20 14, 6, 10, 2, 11, 3, 7, 15
6_19_10 6, 14, 2, 10, 7, 15
7_21_02 3, 11, 15, 7, 4, 12, 16
5_11_22 14, 6, 10, 2, 7
7_11_04 5, 13, 1, 9, 14, 6, 10
2_21_22 13, 5
8_13_20 14, 6, 10, 2, 11, 3, 7, 15
8_21_18 11, 3, 7, 15, 12, 4, 8, 16
6_23_04 4, 12, 16, 8, 5, 13
3_30_14 7, 15, 3
7_4_20 11, 3, 7, 15, 16, 8, 12
8_7_02 3, 11, 15, 7, 4, 12, 16, 8
4_1_14 8, 16, 4, 12
4_10_06 6, 14, 2, 10
3_15_14 11, 3, 15
3_19_12 7, 15, 11
5_6_14 9, 1, 5, 13, 6
1_10_14 6
1_6_02 15
5_10_10 8, 16, 4, 12, 5
2_2_16 5, 13
3_16_18 9, 1, 13
8_3_12 7, 15, 3, 11, 8, 16, 4, 12
8_19_16 9, 1, 5, 13, 10, 2, 6, 14
1_11_06 14
2_2_04 15, 7
7_31_10 9, 1, 5, 13, 14, 6, 10
7_3_12 7, 15, 3, 11, 16, 8, 12
3_18_20 7, 15, 3
2_9_06 6, 14
1_6_00 14
5_23_08 6, 14, 2, 10, 15
5_15_04 6, 14, 2, 10, 11
7_17_20 11, 3, 7, 15, 12, 4, 8
1_2_08 1
3_3_22 12, 4, 16
2_25_06 6, 14
7_24_00 2, 10, 14, 6, 7, 15, 3
2_13_06 7, 15
8_12_22 14, 6, 10, 2, 15, 7, 11, 3
4_9_00 3, 11, 15, 7
7_18_02 2, 10, 14, 6, 15, 7, 11
2_21_06 5, 13
6_11_14 10, 2, 6, 14, 11, 3
8_24_04 4, 12, 16, 8, 5, 13, 1, 9
4_14_18 13, 5, 9, 1
1_25_20 13
3_21_08 6, 14, 2
2_2_22 8, 16
3_29_16 12, 4, 8
4_16_14 11, 3, 7, 15
1_25_10 8
6_27_20 13, 5, 9, 1, 14, 6
3_2_22 8, 16, 4
2_26_04 1, 9
6_30_20 14, 6, 10, 2, 7, 15
6_4_04 3, 11, 15, 7, 16, 8
4_17_08 5, 13, 1, 9
2_8_00 14, 6
2_12_22 10, 2
8_8_04 4, 12, 16, 8, 5, 13, 1, 9
6_17_16 9, 1, 5, 13, 10, 2
5_14_14 11, 3, 7, 15, 4
7_8_06 5, 13, 1, 9, 10, 2, 6
5_28_00 3, 11, 15, 7, 8
1_8_18 15
6_24_18 11, 3, 7, 15, 8, 16
7_22_16 10, 2, 6, 14, 7, 15, 3
5_27_18 12, 4, 8, 16, 5
8_13_08 8, 16, 4, 12, 5, 13, 1, 9
7_19_00 1, 9, 13, 5, 10, 2, 6
3_1_18 10, 2, 6
2_15_04 6, 14
5_27_22 14, 6, 10, 2, 7
8_12_20 13, 5, 9, 1, 14, 6, 10, 2
6_19_06 4, 12, 16, 8, 5, 13
3_27_14 10, 2, 14
7_6_06 5, 13, 1, 9, 2, 10, 14
8_17_20 11, 3, 7, 15, 12, 4, 8, 16
5_5_10 7, 15, 3, 11, 8
6_1_08 5, 13, 1, 9, 6, 14
4_24_06 5, 13, 1, 9
3_25_16 11, 3, 7
3_15_12 10, 2, 14
7_6_08 6, 14, 2, 10, 3, 11, 15
6_12_00 3, 11, 15, 7, 16, 8
7_25_02 4, 12, 16, 8, 5, 13, 1
5_15_12 10, 2, 6, 14, 15
5_18_22 12, 4, 8, 16, 9
2_4_04 15, 7
1_29_14 11
6_17_00 1, 9, 13, 5, 2, 10
6_14_02 5, 13, 1, 9, 14, 6
1_20_08 9
6_18_06 4, 12, 16, 8, 1, 9
5_17_22 12, 4, 8, 16, 13
7_1_22 12, 4, 8, 16, 13, 5, 9
1_12_06 10
3_11_00 3, 11, 7
5_7_02 3, 11, 15, 7, 12
8_18_04 3, 11, 15, 7, 4, 12, 16, 8
4_13_20 14, 6, 10, 2
8_27_12 9, 1, 5, 13, 10, 2, 6, 14
1_22_02 15
3_13_00 4,12, 16
5_27_18 12, 4, 8, 16, 5
3_8_08 2, 10, 6
4_12_04 5, 13, 1, 9
1_18_02 14
2_19_04 3, 11
8_7_06 5, 13, 1, 9, 6, 14, 2, 10
1_10_20 9
8_26_18 12, 4, 8, 16, 13, 5, 9, 1
3_25_04 5, 13, 1
8_18_22 12, 4, 8, 16, 13, 5, 9, 1
7_6_10 7, 15, 3, 11, 4, 12, 16
1_8_02 7
