1_4_02 6
1_22_08 2
3_21_14 9, 1, 5
6_14_22 15, 7, 11, 3, 8, 16
4_14_16 12, 4, 8, 16
7_26_12 9, 1, 5, 13, 6, 14, 2
1_18_22 8
8_3_12 7, 15, 3, 11, 8, 16, 4, 12
2_29_12 10, 2
3_9_14 10, 2, 6
5_16_16 12, 4, 8, 16, 13
4_20_10 6, 14, 2, 10
7_3_10 6, 14, 2, 10, 15, 7, 11
7_23_02 3, 11, 15, 7, 12, 4, 8
4_18_06 4, 12, 16, 8
5_11_18 12, 4, 8, 16, 5
4_28_10 8, 16, 4, 12
5_22_20 12, 4, 8, 16, 9
6_28_10 8, 16, 4, 12, 5, 13
7_15_18 13, 5, 9, 1, 2, 10, 14
4_11_20 13, 5, 9, 1
6_4_06 4, 12, 16, 8, 1, 9
4_27_00 3, 11, 15, 7
7_25_18 12, 4, 8, 16, 13, 5, 9
2_23_20 12, 4
1_3_22 4
2_24_02 15, 7
3_29_00 4,12, 16
8_17_08 5, 13, 1, 9, 6, 14, 2, 10
3_2_00 13, 5, 9
8_14_12 10, 2, 6, 14, 7, 15, 3, 11
8_3_14 8, 16, 4, 12, 9, 1, 5, 13
1_25_18 12
4_19_16 9, 1, 5, 13
7_20_14 8, 16, 4, 12, 13, 5, 9
7_9_00 3, 11, 15, 7, 4, 12, 16
3_25_10 8, 16, 4
2_10_04 1, 9
2_6_06 1, 9
8_2_10 6, 14, 2, 10, 7, 15, 3, 11
4_19_12 7, 15, 3, 11
2_4_16 5, 13
6_27_22 14, 6, 10, 2, 15, 7
8_30_00 4, 12, 16, 8, 1, 9, 13, 5
2_20_16 5, 13
8_1_06 4, 12, 16, 8, 5, 13, 1, 9
5_14_00 4, 12, 16, 8, 13
4_8_02 3, 11, 15, 7
7_8_06 5, 13, 1, 9, 10, 2, 6
2_13_00 4,12
3_10_16 7, 15, 3
4_15_00 4,12, 16, 8
6_2_00 1, 9, 13, 5, 14, 6
1_31_02 13
8_12_14 10, 2, 6, 14, 11, 3, 7, 15
3_27_18 12, 4, 16
7_10_00 3, 11, 15, 7, 16, 8, 12
1_4_20 15
4_21_18 11, 3, 7, 15
4_10_04 5, 13, 1, 9
4_6_08 6, 14, 2, 10
5_17_20 11, 3, 7, 15, 12
5_25_18 12, 4, 8, 16, 13
2_9_02 4, 12
5_10_20 13, 5, 9, 1, 10
3_19_06 4, 12, 8
4_28_04 5, 13, 1, 9
7_19_08 5, 13, 1, 9, 14, 6, 10
1_24_08 10
1_13_14 11
6_5_06 5, 13, 1, 9, 6, 14
8_21_10 7, 15, 3, 11, 8, 16, 4, 12
5_4_08 5, 13, 1, 9, 10
1_12_12 13
1_17_12 7
3_30_16 8, 16, 4
7_7_00 2, 10, 14, 6, 11, 3, 7
3_5_06 5, 13, 1
7_9_20 13, 5, 9, 1, 14, 6, 10
6_22_08 6, 14, 2, 10, 3, 11
1_16_10 13
8_29_18 13, 5, 9, 1, 10, 2, 6, 14
6_4_20 11, 3, 7, 15, 8, 16
8_21_06 5, 13, 1, 9, 6, 14, 2, 10
4_21_12 8, 16, 4, 12
7_22_20 12, 4, 8, 16, 9, 1, 5
6_30_04 6, 14, 2, 10, 15, 7
3_16_06 3, 11, 7
6_19_00 1, 9, 13, 5, 2, 10
6_16_06 7, 15, 3, 11, 16, 8
5_22_00 2, 10, 14, 6, 15
6_30_22 15, 7, 11, 3, 8, 16
7_24_08 6, 14, 2, 10, 11, 3, 7
8_2_14 8, 16, 4, 12, 9, 1, 5, 13
8_22_20 12, 4, 8, 16, 13, 5, 9, 1
1_24_08 10
5_31_12 10, 2, 6, 14, 15
7_29_06 7, 15, 3, 11, 4, 12, 16
7_30_10 9, 1, 5, 13, 2, 10, 14
3_21_06 5, 13, 1
2_5_20 12, 4
6_17_16 9, 1, 5, 13, 10, 2
6_21_12 8, 16, 4, 12, 9, 1
2_25_14 10, 2
8_31_18 13, 5, 9, 1, 10, 2, 6, 14
3_16_04 2, 10, 6
4_18_08 5, 13, 1, 9
4_5_06 5, 13, 1, 9
3_27_08 7, 15, 11
7_7_20 12, 4, 8, 16, 5, 13, 1
6_20_20 11, 3, 7, 15, 8, 16
1_4_16 13
3_16_20 10, 2, 14
7_8_00 2, 10, 14, 6, 7, 15, 3
3_21_10 7, 15, 3
4_27_04 5, 13, 1, 9
1_16_18 1
3_3_08 5, 13, 9
3_18_10 2, 10, 14
7_10_02 4, 12, 16, 8, 1, 9, 13
5_12_00 3, 11, 15, 7, 8
7_20_20 11, 3, 7, 15, 16, 8, 12
8_30_04 6, 14, 2, 10, 3, 11, 15, 7
2_16_22 11, 3
7_6_12 8, 16, 4, 12, 5, 13, 1
4_29_00 4,12, 16, 8
8_15_02 5, 13, 1, 9, 2, 10, 14, 6
5_21_12 8, 16, 4, 12, 9
1_3_14 16
8_9_16 11, 3, 7, 15, 12, 4, 8, 16
1_16_10 13
2_7_02 3, 11
5_18_06 4, 12, 16, 8, 1
3_23_00 2, 10, 6
7_13_08 8, 16, 4, 12, 5, 13, 1
3_19_04 3, 11, 7
4_26_18 12, 4, 8, 16
5_31_14 11, 3, 7, 15, 16
6_1_10 6, 14, 2, 10, 7, 15
2_27_20 13, 5
4_23_08 6, 14, 2, 10
5_2_16 9, 1, 5, 13, 6
6_12_08 7, 15, 3, 11, 4, 12
4_25_04 5, 13, 1, 9
4_29_12 10, 2, 6, 14
7_14_14 11, 3, 7, 15, 4, 12, 16
2_20_18 6, 14
7_1_06 4, 12, 16, 8, 5, 13, 1
3_22_00 14, 6, 10
3_20_04 15, 7, 3
1_21_00 2
2_23_04 4, 12
3_29_08 8, 16, 4
4_7_08 6, 14, 2, 10
5_28_10 8, 16, 4, 12, 13
2_1_06 4, 12
2_24_14 5, 13
3_7_08 6, 14, 10
5_2_18 10, 2, 6, 14, 7
7_12_00 3, 11, 15, 7, 8, 16, 4
5_25_12 9, 1, 5, 13, 10
7_16_06 7, 15, 3, 11, 8, 16, 4
4_25_10 8, 16, 4, 12
3_4_02 14, 6, 2
2_5_20 12, 4
5_25_12 9, 1, 5, 13, 10
3_8_14 5, 13, 9
4_6_14 9, 1, 5, 13
6_24_06 5, 13, 1, 9, 2, 10
3_2_08 1, 9, 13
7_12_02 4, 12, 16, 8, 9, 1, 5
8_25_12 9, 1, 5, 13, 10, 2, 6, 14
4_4_14 8, 16, 4, 12
8_3_08 5, 13, 1, 9, 6, 14, 2, 10
5_6_22 13, 5, 9, 1, 10
1_10_08 3
6_9_14 10, 2, 6, 14, 11, 3
2_3_22 12, 4
2_26_22 10, 2
4_3_20 11, 3, 7, 15
2_22_12 4, 12
5_29_04 6, 14, 2, 10, 3
3_9_22 14, 6, 10
4_3_06 4, 12, 16, 8
2_30_04 2, 10
8_15_20 14, 6, 10, 2, 11, 3, 7, 15
3_12_00 15, 7, 3
3_29_22 15, 7, 11
8_19_08 5, 13, 1, 9, 6, 14, 2, 10
6_10_22 14, 6, 10, 2, 11, 3
8_1_18 10, 2, 6, 14, 11, 3, 7, 15
3_18_22 8, 16, 4
3_21_04 4, 12, 16
4_4_16 9, 1, 5, 13
5_27_12 9, 1, 5, 13, 2
7_2_10 6, 14, 2, 10, 3, 11, 15
2_29_16 12, 4
6_5_06 5, 13, 1, 9, 6, 14
5_30_22 15, 7, 11, 3, 8
5_26_02 4, 12, 16, 8, 1
5_6_08 6, 14, 2, 10, 3
8_14_16 12, 4, 8, 16, 9, 1, 5, 13
6_7_08 6, 14, 2, 10, 7, 15
2_7_06 5, 13
3_4_04 15, 7, 3
4_16_20 14, 6, 10, 2
8_8_12 8, 16, 4, 12, 9, 1, 5, 13
3_15_06 7, 15, 11
3_4_00 13, 5, 1
3_28_08 3, 11, 7
8_5_14 9, 1, 5, 13, 10, 2, 6, 14
6_11_06 6, 14, 2, 10, 7, 15
7_15_02 5, 13, 1, 9, 10, 2, 6
8_10_00 3, 11, 15, 7, 4, 12, 16, 8
2_24_16 6, 14
2_15_16 12, 4
3_3_10 6, 14, 10
4_25_14 10, 2, 6, 14
6_9_16 11, 3, 7, 15, 12, 4
2_21_06 5, 13
2_4_22 8, 16
1_6_04 16
1_11_22 6
1_28_18 16
5_16_10 9, 1, 5, 13, 10
7_22_04 4, 12, 16, 8, 1, 9, 13
2_4_14 4, 12
8_12_16 11, 3, 7, 15, 12, 4, 8, 16
1_26_12 5
5_25_16 11, 3, 7, 15, 12
8_29_04 6, 14, 2, 10, 3, 11, 15, 7
4_5_22 13, 5, 9, 1
3_26_16 7, 15, 3
5_21_14 9, 1, 5, 13, 10
8_28_22 14, 6, 10, 2, 15, 7, 11, 3
6_4_06 4, 12, 16, 8, 1, 9
7_12_22 14, 6, 10, 2, 3, 11, 15
5_11_08 7, 15, 3, 11, 16
7_25_16 11, 3, 7, 15, 12, 4, 8
8_25_12 9, 1, 5, 13, 10, 2, 6, 14
8_23_06 5, 13, 1, 9, 6, 14, 2, 10
3_23_22 13, 5, 1
5_13_18 13, 5, 9, 1, 10
5_15_06 7, 15, 3, 11, 12
7_18_20 11, 3, 7, 15, 8, 16, 4
1_24_00 6
8_7_06 5, 13, 1, 9, 6, 14, 2, 10
2_25_10 8, 16
7_5_02 3, 11, 15, 7, 4, 12, 16
2_27_04 5, 13
1_28_14 14
4_28_08 7, 15, 3, 11
6_5_04 4, 12, 16, 8, 5, 13
3_7_06 5, 13, 9
4_9_08 7, 15, 3, 11
5_10_22 14, 6, 10, 2, 11
8_12_00 3, 11, 15, 7, 4, 12, 16, 8
8_4_00 1, 9, 13, 5, 2, 10, 14, 6
1_25_06 6
7_31_02 5, 13, 1, 9, 10, 2, 6
6_16_10 9, 1, 5, 13, 2, 10
1_24_06 9
3_26_08 3, 11, 15
5_12_08 7, 15, 3, 11, 12
3_23_02 3, 11, 7
3_5_04 4, 12, 16
6_11_20 13, 5, 9, 1, 14, 6
5_22_14 9, 1, 5, 13, 6
4_14_14 11, 3, 7, 15
4_5_20 12, 4, 8, 16
2_18_14 4, 12
8_22_14 9, 1, 5, 13, 10, 2, 6, 14
4_27_16 11, 3, 7, 15
7_27_00 3, 11, 15, 7, 12, 4, 8
2_4_04 15, 7
1_14_04 2
2_28_04 1, 9
6_24_00 2, 10, 14, 6, 15, 7
6_19_06 4, 12, 16, 8, 5, 13
7_28_20 13, 5, 9, 1, 2, 10, 14
7_23_02 3, 11, 15, 7, 12, 4, 8
7_20_08 5, 13, 1, 9, 10, 2, 6
5_23_14 9, 1, 5, 13, 2
3_20_22 8, 16, 12
4_7_00 2, 10, 14, 6
2_19_16 9, 1
2_28_16 7, 15
5_16_06 7, 15, 3, 11, 8
2_13_06 7, 15
1_13_08 8
5_18_20 11, 3, 7, 15, 8
4_24_08 6, 14, 2, 10
8_3_16 9, 1, 5, 13, 10, 2, 6, 14
1_24_18 15
3_2_08 1, 9, 13
6_7_00 2, 10, 14, 6, 3, 11
4_30_22 15, 7, 11, 3
1_15_22 7
5_20_10 6, 14, 2, 10, 11
7_15_08 8, 16, 4, 12, 13, 5, 9
4_18_06 4, 12, 16, 8
2_26_12 5, 13
5_12_02 4, 12, 16, 8, 9
6_20_22 12, 4, 8, 16, 9, 1
3_18_14 4, 12, 16
7_27_00 3, 11, 15, 7, 12, 4, 8
2_20_10 2, 10
1_29_04 6
8_2_22 12, 4, 8, 16, 13, 5, 9, 1
8_10_02 4, 12, 16, 8, 5, 13, 1, 9
2_23_02 3, 11
2_26_18 8, 16
1_16_00 8
6_24_06 5, 13, 1, 9, 2, 10
3_15_06 7, 15, 11
7_22_12 8, 16, 4, 12, 5, 13, 1
4_15_00 4,12, 16, 8
1_21_12 8
5_14_06 7, 15, 3, 11, 16
3_5_04 4, 12, 16
5_13_14 11, 3, 7, 15, 8
6_8_02 3, 11, 15, 7, 16, 8
7_12_14 10, 2, 6, 14, 15, 7, 11
8_9_12 9, 1, 5, 13, 10, 2, 6, 14
6_26_14 10, 2, 6, 14, 7, 15
7_27_08 7, 15, 3, 11, 16, 8, 12
1_18_08 1
7_3_18 10, 2, 6, 14, 3, 11, 15
8_18_00 1, 9, 13, 5, 2, 10, 14, 6
2_13_08 8, 16
3_5_12 8, 16, 4
4_19_00 1, 9, 13, 5
5_9_18 12, 4, 8, 16, 13
8_16_04 6, 14, 2, 10, 3, 11, 15, 7
4_5_06 5, 13, 1, 9
2_22_02 15, 7
6_2_10 6, 14, 2, 10, 3, 11
8_20_02 2, 10, 14, 6, 3, 11, 15, 7
5_30_14 11, 3, 7, 15, 4
2_31_04 6, 14
2_15_10 9, 1
1_6_20 8
5_27_12 9, 1, 5, 13, 2
3_12_00 15, 7, 3
6_20_16 9, 1, 5, 13, 6, 14
7_13_08 8, 16, 4, 12, 5, 13, 1
3_17_00 1, 9, 13
8_6_06 5, 13, 1, 9, 6, 14, 2, 10
2_12_08 3, 11
8_19_08 5, 13, 1, 9, 6, 14, 2, 10
1_28_18 16
2_2_08 1, 9
2_7_10 7, 15
1_24_02 7
7_2_18 10, 2, 6, 14, 7, 15, 3
6_26_02 4, 12, 16, 8, 1, 9
1_14_20 10
2_18_20 7, 15
7_21_12 8, 16, 4, 12, 9, 1, 5
5_29_16 12, 4, 8, 16, 9
1_7_20 4
4_8_00 2, 10, 14, 6
4_21_20 12, 4, 8, 16
6_6_10 7, 15, 3, 11, 4, 12
1_15_16 4
1_24_04 8
4_17_16 9, 1, 5, 13
1_6_18 7
3_10_16 7, 15, 3
6_7_10 7, 15, 3, 11, 8, 16
2_1_22 12, 4
2_10_02 16, 8
5_27_02 4, 12, 16, 8, 13
3_26_04 1, 9, 13
3_21_16 10, 2, 6
8_3_20 11, 3, 7, 15, 12, 4, 8, 16
7_21_16 10, 2, 6, 14, 11, 3, 7
7_1_02 2, 10, 14, 6, 3, 11, 15
4_9_04 5, 13, 1, 9
4_8_14 9, 1, 5, 13
3_3_00 1, 9, 5
4_9_06 6, 14, 2, 10
4_5_06 5, 13, 1, 9
3_31_08 8, 16, 12
8_2_02 2, 10, 14, 6, 3, 11, 15, 7
1_22_18 7
7_27_18 12, 4, 8, 16, 5, 13, 1
3_2_00 13, 5, 9
4_31_08 8, 16, 12
4_4_00 1, 9, 13, 5
3_18_08 1, 9, 13
8_6_08 6, 14, 2, 10, 7, 15, 3, 11
7_31_16 12, 4, 8, 16, 1, 9, 13
5_14_14 11, 3, 7, 15, 4
3_31_00 4,12, 8
6_3_10 6, 14, 2, 10, 7, 15
5_29_22 15, 7, 11, 3, 12
7_14_12 10, 2, 6, 14, 3, 11, 15
3_18_06 16, 8, 12
5_29_10 9, 1, 5, 13, 6
4_10_12 9, 1, 5, 13
4_18_18 10, 2, 6, 14
2_17_18 10, 2
6_10_00 3, 11, 15, 7, 16, 8
4_26_20 13, 5, 9, 1
8_19_04 3, 11, 15, 7, 4, 12, 16, 8
1_15_22 7
7_23_18 11, 3, 7, 15, 4, 12, 16
7_3_04 3, 11, 15, 7, 12, 4, 8
2_27_22 14, 6
8_20_12 7, 15, 3, 11, 8, 16, 4, 12
8_12_06 6, 14, 2, 10, 7, 15, 3, 11
4_18_20 11, 3, 7, 15
8_21_04 4, 12, 16, 8, 5, 13, 1, 9
1_2_10 2
2_13_16 12, 4
8_8_02 3, 11, 15, 7, 4, 12, 16, 8
6_24_18 11, 3, 7, 15, 8, 16
6_27_00 3, 11, 15, 7, 4, 12
2_2_00 13, 5
7_28_08 7, 15, 3, 11, 12, 4, 8
3_8_02 15, 7, 3
1_10_18 8
1_7_16 2
5_11_22 14, 6, 10, 2, 7
5_24_00 2, 10, 14, 6, 7
5_21_22 13, 5, 9, 1, 14
2_2_08 1, 9
1_16_02 9
3_3_10 6, 14, 10
6_27_00 3, 11, 15, 7, 4, 12
6_21_14 9, 1, 5, 13, 10, 2
2_15_20 14, 6
1_2_10 2
6_22_04 4, 12, 16, 8, 1, 9
3_29_16 12, 4, 8
8_26_16 11, 3, 7, 15, 12, 4, 8, 16
5_12_12 9, 1, 5, 13, 14
5_12_16 11, 3, 7, 15, 16
7_26_22 14, 6, 10, 2, 11, 3, 7
7_19_06 4, 12, 16, 8, 13, 5, 9
2_24_10 3, 11
7_22_12 8, 16, 4, 12, 5, 13, 1
8_14_12 10, 2, 6, 14, 7, 15, 3, 11
7_24_02 3, 11, 15, 7, 8, 16, 4
6_8_18 11, 3, 7, 15, 8, 16
8_31_14 11, 3, 7, 15, 8, 16, 4, 12
5_12_12 9, 1, 5, 13, 14
4_12_18 12, 4, 8, 16
6_22_22 13, 5, 9, 1, 10, 2
5_31_08 8, 16, 4, 12, 13
2_29_12 10, 2
1_9_10 8
8_6_06 5, 13, 1, 9, 6, 14, 2, 10
4_16_06 7, 15, 3, 11
6_27_10 8, 16, 4, 12, 9, 1
5_24_14 9, 1, 5, 13, 14
8_9_02 4, 12, 16, 8, 5, 13, 1, 9
1_17_04 3
4_6_14 9, 1, 5, 13
2_5_12 8, 16
7_25_04 5, 13, 1, 9, 6, 14, 2
7_9_06 6, 14, 2, 10, 7, 15, 3
7_18_12 7, 15, 3, 11, 4, 12, 16
2_20_12 3, 11
4_24_06 5, 13, 1, 9
4_26_08 7, 15, 3, 11
4_28_22 14, 6, 10, 2
5_14_06 7, 15, 3, 11, 16
7_19_02 2, 10, 14, 6, 11, 3, 7
8_17_02 2, 10, 14, 6, 3, 11, 15, 7
4_1_22 12, 4, 8, 16
2_30_10 5, 13
7_29_06 7, 15, 3, 11, 4, 12, 16
7_22_14 9, 1, 5, 13, 6, 14, 2
4_19_18 10, 2, 6, 14
7_6_10 7, 15, 3, 11, 4, 12, 16
2_15_00 4,12
2_1_16 9, 1
6_21_06 5, 13, 1, 9, 6, 14
2_14_06 3, 11
5_29_18 13, 5, 9, 1, 10
2_24_16 6, 14
8_17_06 4, 12, 16, 8, 5, 13, 1, 9
7_23_02 3, 11, 15, 7, 12, 4, 8
6_9_14 10, 2, 6, 14, 11, 3
7_31_00 4, 12, 16, 8, 9, 1, 5
4_12_02 4, 12, 16, 8
7_10_00 3, 11, 15, 7, 16, 8, 12
5_21_20 12, 4, 8, 16, 13
2_9_20 13, 5
6_12_20 13, 5, 9, 1, 10, 2
6_16_20 14, 6, 10, 2, 7, 15
1_17_10 6
2_3_00 1, 9
2_20_22 8, 16
3_1_18 10, 2, 6
2_7_10 7, 15
1_10_06 2
7_3_10 6, 14, 2, 10, 15, 7, 11
1_1_20 11
5_12_00 3, 11, 15, 7, 8
8_10_08 7, 15, 3, 11, 8, 16, 4, 12
3_6_22 9, 1, 5
2_29_08 8, 16
6_12_14 10, 2, 6, 14, 7, 15
3_31_08 8, 16, 12
5_17_12 7, 15, 3, 11, 8
8_13_22 15, 7, 11, 3, 12, 4, 8, 16
8_7_08 6, 14, 2, 10, 7, 15, 3, 11
5_25_04 5, 13, 1, 9, 6
3_1_12 7, 15, 3
8_13_08 8, 16, 4, 12, 5, 13, 1, 9
3_5_22 13, 5, 9
5_17_22 12, 4, 8, 16, 13
8_21_10 7, 15, 3, 11, 8, 16, 4, 12
7_28_16 11, 3, 7, 15, 16, 8, 12
7_5_04 4, 12, 16, 8, 5, 13, 1
1_17_02 2
1_9_06 6
5_7_02 3, 11, 15, 7, 12
4_18_06 4, 12, 16, 8
2_8_04 16, 8
3_4_06 16, 8, 4
8_24_16 10, 2, 6, 14, 11, 3, 7, 15
5_14_06 7, 15, 3, 11, 16
8_22_12 8, 16, 4, 12, 9, 1, 5, 13
3_20_02 14, 6, 2
5_8_14 9, 1, 5, 13, 14
8_30_18 13, 5, 9, 1, 10, 2, 6, 14
3_14_06 3, 11, 15
5_7_14 9, 1, 5, 13, 2
5_24_16 10, 2, 6, 14, 15
2_2_00 13, 5
5_9_22 14, 6, 10, 2, 15
5_28_20 13, 5, 9, 1, 2
4_8_12 8, 16, 4, 12
8_27_00 3, 11, 15, 7, 4, 12, 16, 8
4_30_02 5, 13, 1, 9
7_10_00 3, 11, 15, 7, 16, 8, 12
6_19_10 6, 14, 2, 10, 7, 15
1_3_00 9
7_10_16 11, 3, 7, 15, 8, 16, 4
8_2_02 2, 10, 14, 6, 3, 11, 15, 7
2_8_12 4, 12
2_23_22 13, 5
2_19_18 10, 2
2_23_00 2, 10
7_24_20 12, 4, 8, 16, 1, 9, 13
8_26_18 12, 4, 8, 16, 13, 5, 9, 1
5_18_08 5, 13, 1, 9, 2
2_14_22 11, 3
2_28_22 10, 2
6_4_04 3, 11, 15, 7, 16, 8
4_17_14 8, 16, 4, 12
3_14_20 10, 2, 6
5_2_04 3, 11, 15, 7, 16
5_20_00 1, 9, 13, 5, 6
5_14_06 7, 15, 3, 11, 16
6_23_20 12, 4, 8, 16, 13, 5
5_10_08 7, 15, 3, 11, 4
1_5_18 11
6_28_02 4, 12, 16, 8, 1, 9
8_17_18 10, 2, 6, 14, 11, 3, 7, 15
1_13_22 15
6_2_02 2, 10, 14, 6, 15, 7
4_26_20 13, 5, 9, 1
7_12_06 6, 14, 2, 10, 11, 3, 7
3_14_22 11, 3, 7
5_14_16 12, 4, 8, 16, 5
1_16_22 3
6_21_00 2, 10, 14, 6, 3, 11
6_26_22 14, 6, 10, 2, 11, 3
2_4_20 7, 15
4_9_14 10, 2, 6, 14
5_25_08 7, 15, 3, 11, 8
1_23_02 11
6_17_18 10, 2, 6, 14, 11, 3
6_5_18 11, 3, 7, 15, 12, 4
4_26_20 13, 5, 9, 1
8_11_04 5, 13, 1, 9, 6, 14, 2, 10
3_12_18 8, 16, 12
3_27_12 9, 1, 13
2_11_20 13, 5
7_11_04 5, 13, 1, 9, 14, 6, 10
6_26_06 6, 14, 2, 10, 3, 11
2_19_10 6, 14
6_18_04 3, 11, 15, 7, 16, 8
5_13_12 10, 2, 6, 14, 7
6_21_08 6, 14, 2, 10, 7, 15
4_23_06 5, 13, 1, 9
2_22_12 4, 12
4_26_20 13, 5, 9, 1
1_11_06 14
1_22_04 16
4_7_06 5, 13, 1, 9
2_25_12 9, 1
3_11_10 8, 16, 12
6_10_20 13, 5, 9, 1, 10, 2
1_26_16 7
8_11_18 12, 4, 8, 16, 13, 5, 9, 1
3_22_14 5, 13, 1
1_24_20 16
4_12_00 3, 11, 15, 7
4_22_16 10, 2, 6, 14
3_28_00 15, 7, 3
6_31_20 14, 6, 10, 2, 11, 3
7_15_02 5, 13, 1, 9, 10, 2, 6
3_18_12 3, 11, 15
5_1_20 11, 3, 7, 15, 12
4_5_10 7, 15, 3, 11
6_20_04 3, 11, 15, 7, 16, 8
8_31_10 9, 1, 5, 13, 6, 14, 2, 10
1_24_20 16
7_17_08 5, 13, 1, 9, 6, 14, 2
7_15_04 6, 14, 2, 10, 11, 3, 7
6_5_12 8, 16, 4, 12, 9, 1
1_26_22 10
3_20_10 2, 10, 6
5_1_16 9, 1, 5, 13, 10
4_26_16 11, 3, 7, 15
4_23_14 9, 1, 5, 13
2_18_16 5, 13
2_29_06 7, 15
7_21_02 3, 11, 15, 7, 4, 12, 16
7_2_14 8, 16, 4, 12, 5, 13, 1
6_2_20 11, 3, 7, 15, 8, 16
8_3_00 1, 9, 13, 5, 2, 10, 14, 6
4_3_20 11, 3, 7, 15
6_25_06 6, 14, 2, 10, 7, 15
5_10_18 12, 4, 8, 16, 9
7_4_20 11, 3, 7, 15, 16, 8, 12
3_20_02 14, 6, 2
2_15_20 14, 6
2_22_00 14, 6
5_24_22 13, 5, 9, 1, 2
4_6_20 12, 4, 8, 16
4_21_00 2, 10, 14, 6
1_13_10 9
3_22_06 1, 9, 13
1_3_00 9
8_8_04 4, 12, 16, 8, 5, 13, 1, 9
5_15_00 4, 12, 16, 8, 9
5_6_08 6, 14, 2, 10, 3
1_23_20 4
4_20_22 12, 4, 8, 16
4_4_06 4, 12, 16, 8
3_30_06 3, 11, 15
6_20_14 8, 16, 4, 12, 5, 13
1_22_10 3
3_12_14 6, 14, 10
8_7_10 7, 15, 3, 11, 8, 16, 4, 12
3_2_04 15, 7, 11
3_10_00 15, 7, 11
5_6_14 9, 1, 5, 13, 6
7_3_22 12, 4, 8, 16, 5, 13, 1
4_17_12 7, 15, 3, 11
5_5_18 11, 3, 7, 15, 12
5_22_14 9, 1, 5, 13, 6
2_3_02 2, 10
1_16_00 8
4_6_04 4, 12, 16, 8
5_11_10 8, 16, 4, 12, 1
7_3_08 5, 13, 1, 9, 14, 6, 10
7_3_18 10, 2, 6, 14, 3, 11, 15
5_11_02 4, 12, 16, 8, 13
5_28_18 12, 4, 8, 16, 1
8_9_06 6, 14, 2, 10, 7, 15, 3, 11
5_10_04 5, 13, 1, 9, 2
8_5_16 10, 2, 6, 14, 11, 3, 7, 15
7_20_04 3, 11, 15, 7, 8, 16, 4
1_5_08 6
2_18_16 5, 13
6_16_00 4, 12, 16, 8, 13, 5
4_7_08 6, 14, 2, 10
5_20_04 3, 11, 15, 7, 8
2_4_18 6, 14
3_20_16 5, 13, 9
8_4_18 10, 2, 6, 14, 11, 3, 7, 15
4_30_14 11, 3, 7, 15
2_30_16 8, 16
6_21_18 11, 3, 7, 15, 12, 4
4_23_14 9, 1, 5, 13
4_2_02 2, 10, 14, 6
5_1_08 5, 13, 1, 9, 6
3_28_16 7, 15, 11
7_13_04 6, 14, 2, 10, 3, 11, 15
5_23_18 11, 3, 7, 15, 4
4_29_10 9, 1, 5, 13
5_21_14 9, 1, 5, 13, 10
7_7_02 3, 11, 15, 7, 12, 4, 8
5_2_10 6, 14, 2, 10, 3
2_31_10 9, 1
8_21_18 11, 3, 7, 15, 12, 4, 8, 16
4_30_04 6, 14, 2, 10
6_31_06 7, 15, 3, 11, 4, 12
8_28_04 5, 13, 1, 9, 6, 14, 2, 10
2_12_18 8, 16
4_7_02 3, 11, 15, 7
2_23_00 2, 10
6_27_08 7, 15, 3, 11, 8, 16
8_11_00 3, 11, 15, 7, 4, 12, 16, 8
3_30_10 5, 13, 1
4_3_02 2, 10, 14, 6
5_30_10 9, 1, 5, 13, 2
4_2_04 3, 11, 15, 7
3_25_10 8, 16, 4
6_20_22 12, 4, 8, 16, 9, 1
6_11_04 5, 13, 1, 9, 6, 14
4_24_02 3, 11, 15, 7
3_16_18 9, 1, 13
3_9_06 6, 14, 2
5_31_04 6, 14, 2, 10, 11
6_9_14 10, 2, 6, 14, 11, 3
3_18_14 4, 12, 16
5_28_22 14, 6, 10, 2, 3
6_24_02 3, 11, 15, 7, 16, 8
2_20_02 14, 6
1_29_06 7
5_2_12 7, 15, 3, 11, 4
4_19_00 1, 9, 13, 5
4_10_10 8, 16, 4, 12
2_18_16 5, 13
5_13_06 7, 15, 3, 11, 4
3_11_16 11, 3, 15
6_6_20 12, 4, 8, 16, 9, 1
3_25_22 14, 6, 10
4_21_20 12, 4, 8, 16
1_14_02 1
4_13_18 13, 5, 9, 1
8_13_20 14, 6, 10, 2, 11, 3, 7, 15
7_24_16 10, 2, 6, 14, 15, 7, 11
8_9_16 11, 3, 7, 15, 12, 4, 8, 16
2_30_14 7, 15
7_19_08 5, 13, 1, 9, 14, 6, 10
2_28_08 3, 11
4_29_04 6, 14, 2, 10
2_29_20 14, 6
4_11_20 13, 5, 9, 1
2_13_06 7, 15
3_29_22 15, 7, 11
4_2_18 10, 2, 6, 14
5_10_08 7, 15, 3, 11, 4
8_23_16 10, 2, 6, 14, 11, 3, 7, 15
4_30_02 5, 13, 1, 9
8_19_16 9, 1, 5, 13, 10, 2, 6, 14
3_20_06 16, 8, 4
3_9_04 5, 13, 1
7_14_08 8, 16, 4, 12, 1, 9, 13
7_24_18 11, 3, 7, 15, 16, 8, 12
5_29_08 8, 16, 4, 12, 5
4_6_06 5, 13, 1, 9
5_1_04 3, 11, 15, 7, 4
5_5_06 5, 13, 1, 9, 6
1_16_08 12
5_21_04 4, 12, 16, 8, 5
4_1_04 3, 11, 15, 7
7_7_16 10, 2, 6, 14, 3, 11, 15
1_12_20 1
7_21_00 2, 10, 14, 6, 3, 11, 15
3_22_12 4, 12, 16
4_31_22 15, 7, 11, 3
3_31_10 9, 1, 13
4_21_04 4, 12, 16, 8
4_23_16 10, 2, 6, 14
2_1_14 8, 16
8_27_22 14, 6, 10, 2, 15, 7, 11, 3
3_23_22 13, 5, 1
4_14_10 9, 1, 5, 13
1_17_14 8
2_5_14 9, 1
6_17_02 2, 10, 14, 6, 3, 11
6_7_22 13, 5, 9, 1, 14, 6
7_25_20 13, 5, 9, 1, 14, 6, 10
4_19_22 12, 4, 8, 16
2_16_04 2, 10
5_24_12 8, 16, 4, 12, 13
3_8_16 6, 14, 10
5_22_22 13, 5, 9, 1, 10
6_14_16 12, 4, 8, 16, 5, 13
1_10_04 1
2_29_04 6, 14
7_30_10 9, 1, 5, 13, 2, 10, 14
4_10_12 9, 1, 5, 13
8_26_10 8, 16, 4, 12, 9, 1, 5, 13
4_11_08 7, 15, 3, 11
4_4_04 3, 11, 15, 7
8_5_06 5, 13, 1, 9, 6, 14, 2, 10
5_11_04 5, 13, 1, 9, 14
5_30_08 8, 16, 4, 12, 1
6_9_08 7, 15, 3, 11, 8, 16
5_11_00 3, 11, 15, 7, 12
5_10_12 9, 1, 5, 13, 6
6_12_04 5, 13, 1, 9, 2, 10
5_19_12 7, 15, 3, 11, 16
7_14_00 4, 12, 16, 8, 13, 5, 9
7_12_22 14, 6, 10, 2, 3, 11, 15
5_10_04 5, 13, 1, 9, 2
5_31_02 5, 13, 1, 9, 10
2_27_20 13, 5
4_6_14 9, 1, 5, 13
7_22_16 10, 2, 6, 14, 7, 15, 3
7_9_14 10, 2, 6, 14, 11, 3, 7
8_25_04 5, 13, 1, 9, 6, 14, 2, 10
8_13_20 14, 6, 10, 2, 11, 3, 7, 15
7_13_00 4, 12, 16, 8, 1, 9, 13
6_31_18 13, 5, 9, 1, 10, 2
5_27_06 6, 14, 2, 10, 15
2_4_06 16, 8
8_25_06 6, 14, 2, 10, 7, 15, 3, 11
1_30_06 3
8_26_02 4, 12, 16, 8, 5, 13, 1, 9
8_12_20 13, 5, 9, 1, 14, 6, 10, 2
3_28_08 3, 11, 7
4_5_06 5, 13, 1, 9
2_15_10 9, 1
1_28_22 2
5_2_02 2, 10, 14, 6, 15
5_19_00 1, 9, 13, 5, 10
7_2_14 8, 16, 4, 12, 5, 13, 1
1_9_18 12
7_27_14 10, 2, 6, 14, 3, 11, 15
2_21_16 10, 2
2_12_12 5, 13
8_7_22 13, 5, 9, 1, 14, 6, 10, 2
8_8_16 10, 2, 6, 14, 11, 3, 7, 15
4_18_08 5, 13, 1, 9
5_19_12 7, 15, 3, 11, 16
2_29_18 13, 5
1_10_16 7
7_8_20 12, 4, 8, 16, 1, 9, 13
1_14_22 11
1_30_16 8
3_22_00 14, 6, 10
2_6_06 1, 9
7_12_20 13, 5, 9, 1, 2, 10, 14
2_8_18 7, 15
8_6_04 4, 12, 16, 8, 5, 13, 1, 9
2_9_20 13, 5
8_23_18 11, 3, 7, 15, 12, 4, 8, 16
8_6_20 12, 4, 8, 16, 13, 5, 9, 1
2_27_20 13, 5
3_17_18 10, 2, 6
7_9_06 6, 14, 2, 10, 7, 15, 3
8_10_22 14, 6, 10, 2, 15, 7, 11, 3
1_25_10 8
7_22_20 12, 4, 8, 16, 9, 1, 5
6_27_18 12, 4, 8, 16, 13, 5
2_4_16 5, 13
3_26_14 6, 14, 2
3_23_10 7, 15, 11
2_3_02 2, 10
8_31_02 5, 13, 1, 9, 2, 10, 14, 6
8_25_04 5, 13, 1, 9, 6, 14, 2, 10
3_17_00 1, 9, 13
7_15_06 7, 15, 3, 11, 12, 4, 8
4_21_12 8, 16, 4, 12
6_5_02 3, 11, 15, 7, 4, 12
3_23_10 7, 15, 11
3_11_12 9, 1, 13
2_3_04 3, 11
1_9_16 11
6_10_08 7, 15, 3, 11, 4, 12
1_29_04 6
4_25_18 12, 4, 8, 16
2_8_04 16, 8
8_18_16 9, 1, 5, 13, 10, 2, 6, 14
4_6_00 2, 10, 14, 6
8_24_04 4, 12, 16, 8, 5, 13, 1, 9
8_30_02 5, 13, 1, 9, 2, 10, 14, 6
2_26_18 8, 16
6_13_14 11, 3, 7, 15, 8, 16
4_3_00 1, 9, 13, 5
6_4_10 6, 14, 2, 10, 3, 11
6_23_00 2, 10, 14, 6, 3, 11
5_21_22 13, 5, 9, 1, 14
5_15_16 12, 4, 8, 16, 1
7_23_16 10, 2, 6, 14, 3, 11, 15
4_29_20 14, 6, 10, 2
3_11_08 7, 15, 11
3_27_06 6, 14, 10
2_2_12 3, 11
4_14_10 9, 1, 5, 13
3_18_12 3, 11, 15
2_31_00 4,12
7_29_08 8, 16, 4, 12, 5, 13, 1
1_9_18 12
5_20_00 1, 9, 13, 5, 6
7_29_20 14, 6, 10, 2, 11, 3, 7
7_29_04 6, 14, 2, 10, 3, 11, 15
3_27_08 7, 15, 11
2_1_18 10, 2
3_28_12 5, 13, 9
2_22_22 9, 1
8_31_04 6, 14, 2, 10, 3, 11, 15, 7
1_7_00 10
2_11_20 13, 5
3_31_02 5, 13, 9
1_16_00 8
6_4_14 8, 16, 4, 12, 5, 13
5_21_16 10, 2, 6, 14, 11
3_9_06 6, 14, 2
1_5_02 3
5_25_06 6, 14, 2, 10, 7
2_21_22 13, 5
1_15_10 1
8_16_22 15, 7, 11, 3, 12, 4, 8, 16
7_27_06 6, 14, 2, 10, 15, 7, 11
7_17_00 1, 9, 13, 5, 2, 10, 14
8_27_00 3, 11, 15, 7, 4, 12, 16, 8
3_13_04 6, 14, 2
3_26_00 15, 7, 11
2_28_14 6, 14
3_15_00 4,12, 8
1_15_18 5
7_9_22 14, 6, 10, 2, 15, 7, 11
6_2_12 7, 15, 3, 11, 4, 12
4_20_14 8, 16, 4, 12
6_9_12 9, 1, 5, 13, 10, 2
4_8_16 10, 2, 6, 14
8_21_16 10, 2, 6, 14, 11, 3, 7, 15
6_31_12 10, 2, 6, 14, 7, 15
8_17_06 4, 12, 16, 8, 5, 13, 1, 9
7_2_02 2, 10, 14, 6, 15, 7, 11
3_20_10 2, 10, 6
2_25_12 9, 1
4_4_16 9, 1, 5, 13
8_10_10 8, 16, 4, 12, 9, 1, 5, 13
8_26_14 10, 2, 6, 14, 11, 3, 7, 15
3_13_12 10, 2, 6
2_17_14 8, 16
2_8_20 8, 16
1_19_22 4
8_30_18 13, 5, 9, 1, 10, 2, 6, 14
5_8_02 3, 11, 15, 7, 8
8_6_20 12, 4, 8, 16, 13, 5, 9, 1
7_8_06 5, 13, 1, 9, 10, 2, 6
7_10_08 7, 15, 3, 11, 4, 12, 16
3_16_02 1, 9, 5
3_25_06 6, 14, 2
3_14_22 11, 3, 7
7_17_04 3, 11, 15, 7, 4, 12, 16
5_15_02 5, 13, 1, 9, 10
5_28_00 3, 11, 15, 7, 8
3_20_04 15, 7, 3
6_12_04 5, 13, 1, 9, 2, 10
2_13_00 4,12
5_31_16 12, 4, 8, 16, 1
2_18_08 1, 9
8_21_20 12, 4, 8, 16, 13, 5, 9, 1
2_9_14 10, 2
5_24_16 10, 2, 6, 14, 15
7_8_10 7, 15, 3, 11, 12, 4, 8
1_20_02 6
3_6_14 5, 13, 1
8_21_20 12, 4, 8, 16, 13, 5, 9, 1
8_12_18 12, 4, 8, 16, 13, 5, 9, 1
3_2_22 8, 16, 4
5_6_00 2, 10, 14, 6, 15
1_10_04 1
5_7_18 11, 3, 7, 15, 4
7_19_10 6, 14, 2, 10, 15, 7, 11
2_10_02 16, 8
7_2_02 2, 10, 14, 6, 15, 7, 11
6_29_22 15, 7, 11, 3, 12, 4
7_19_12 7, 15, 3, 11, 16, 8, 12
2_13_14 11, 3
8_23_06 5, 13, 1, 9, 6, 14, 2, 10
6_20_14 8, 16, 4, 12, 5, 13
1_23_10 15
1_31_06 15
5_5_02 3, 11, 15, 7, 4
5_9_06 6, 14, 2, 10, 7
4_20_06 4, 12, 16, 8
3_27_22 14, 6, 2
7_17_04 3, 11, 15, 7, 4, 12, 16
5_4_18 10, 2, 6, 14, 15
7_15_12 10, 2, 6, 14, 15, 7, 11
4_24_16 10, 2, 6, 14
1_21_06 5
2_21_10 7, 15
1_13_06 7
1_1_04 3
3_20_16 5, 13, 9
2_24_08 2, 10
8_23_16 10, 2, 6, 14, 11, 3, 7, 15
4_21_14 9, 1, 5, 13
3_23_12 8, 16, 12
6_1_14 8, 16, 4, 12, 9, 1
7_29_06 7, 15, 3, 11, 4, 12, 16
4_19_16 9, 1, 5, 13
8_6_14 9, 1, 5, 13, 10, 2, 6, 14
1_15_14 3
1_1_14 8
4_20_02 2, 10, 14, 6
4_12_12 9, 1, 5, 13
3_27_16 11, 3, 15
1_17_20 11
8_17_10 6, 14, 2, 10, 7, 15, 3, 11
3_8_02 15, 7, 3
4_8_22 13, 5, 9, 1
2_22_02 15, 7
5_5_08 6, 14, 2, 10, 7
6_30_04 6, 14, 2, 10, 15, 7
4_6_02 3, 11, 15, 7
2_12_18 8, 16
4_1_12 7, 15, 3, 11
3_23_08 6, 14, 10
5_31_16 12, 4, 8, 16, 1
5_1_04 3, 11, 15, 7, 4
8_23_00 2, 10, 14, 6, 3, 11, 15, 7
3_22_00 14, 6, 10
1_30_14 7
7_27_10 8, 16, 4, 12, 1, 9, 13
7_21_16 10, 2, 6, 14, 11, 3, 7
3_8_04 16, 8, 4
1_28_04 9
8_14_16 12, 4, 8, 16, 9, 1, 5, 13
6_17_14 8, 16, 4, 12, 9, 1
6_13_04 6, 14, 2, 10, 3, 11
8_20_22 12, 4, 8, 16, 13, 5, 9, 1
5_4_02 2, 10, 14, 6, 7
5_6_04 4, 12, 16, 8, 1
3_8_18 7, 15, 11
8_27_04 5, 13, 1, 9, 6, 14, 2, 10
8_31_12 10, 2, 6, 14, 7, 15, 3, 11
3_14_10 5, 13, 1
8_4_10 6, 14, 2, 10, 7, 15, 3, 11
1_29_18 13
8_12_22 14, 6, 10, 2, 15, 7, 11, 3
2_9_00 3, 11
3_26_08 3, 11, 15
5_12_04 5, 13, 1, 9, 10
8_25_04 5, 13, 1, 9, 6, 14, 2, 10
6_22_18 11, 3, 7, 15, 8, 16
7_9_04 5, 13, 1, 9, 6, 14, 2
7_7_14 9, 1, 5, 13, 2, 10, 14
3_31_10 9, 1, 13
7_14_10 9, 1, 5, 13, 2, 10, 14
3_16_10 5, 13, 9
6_19_10 6, 14, 2, 10, 7, 15
7_10_00 3, 11, 15, 7, 16, 8, 12
1_8_00 6
3_18_18 6, 14, 2
1_18_06 16
3_25_06 6, 14, 2
2_17_16 9, 1
5_21_18 11, 3, 7, 15, 12
3_5_22 13, 5, 9
4_3_20 11, 3, 7, 15
6_2_18 10, 2, 6, 14, 7, 15
4_1_04 3, 11, 15, 7
4_3_12 7, 15, 3, 11
2_16_14 7, 15
5_3_16 9, 1, 5, 13, 2
2_19_10 6, 14
2_12_06 2, 10
8_3_00 1, 9, 13, 5, 2, 10, 14, 6
4_31_04 6, 14, 2, 10
4_4_10 6, 14, 2, 10
6_29_14 11, 3, 7, 15, 8, 16
8_4_00 1, 9, 13, 5, 2, 10, 14, 6
4_26_18 12, 4, 8, 16
3_8_12 4, 12, 8
3_3_16 9, 1, 13
5_8_14 9, 1, 5, 13, 14
3_17_08 5, 13, 1
7_8_20 12, 4, 8, 16, 1, 9, 13
7_3_20 11, 3, 7, 15, 4, 12, 16
1_21_10 7
2_15_18 13, 5
7_4_12 7, 15, 3, 11, 12, 4, 8
2_25_06 6, 14
4_30_14 11, 3, 7, 15
1_26_16 7
7_3_22 12, 4, 8, 16, 5, 13, 1
2_12_18 8, 16
6_11_02 4, 12, 16, 8, 5, 13
7_17_06 4, 12, 16, 8, 5, 13, 1
4_17_00 1, 9, 13, 5
5_4_04 3, 11, 15, 7, 8
1_31_02 13
8_19_12 7, 15, 3, 11, 8, 16, 4, 12
6_27_04 5, 13, 1, 9, 6, 14
8_13_20 14, 6, 10, 2, 11, 3, 7, 15
7_4_20 11, 3, 7, 15, 16, 8, 12
6_21_14 9, 1, 5, 13, 10, 2
7_13_14 11, 3, 7, 15, 8, 16, 4
8_24_10 7, 15, 3, 11, 8, 16, 4, 12
1_18_04 15
7_6_20 12, 4, 8, 16, 9, 1, 5
7_12_10 8, 16, 4, 12, 13, 5, 9
3_19_20 11, 3, 15
7_1_12 7, 15, 3, 11, 8, 16, 4
7_28_02 4, 12, 16, 8, 9, 1, 5
1_13_10 9
7_18_10 6, 14, 2, 10, 3, 11, 15
5_27_16 11, 3, 7, 15, 4
5_18_22 12, 4, 8, 16, 9
4_18_20 11, 3, 7, 15
7_9_10 8, 16, 4, 12, 9, 1, 5
2_4_06 16, 8
7_14_06 7, 15, 3, 11, 16, 8, 12
8_17_06 4, 12, 16, 8, 5, 13, 1, 9
5_11_00 3, 11, 15, 7, 12
4_31_22 15, 7, 11, 3
2_12_04 1, 9
8_3_08 5, 13, 1, 9, 6, 14, 2, 10
1_19_04 11
2_15_22 15, 7
4_30_18 13, 5, 9, 1
6_5_06 5, 13, 1, 9, 6, 14
2_22_06 1, 9
7_9_08 7, 15, 3, 11, 8, 16, 4
7_18_00 1, 9, 13, 5, 14, 6, 10
3_25_20 13, 5, 9
5_26_04 5, 13, 1, 9, 2
2_3_04 3, 11
4_24_00 2, 10, 14, 6
5_26_08 7, 15, 3, 11, 4
1_6_08 2
8_26_02 4, 12, 16, 8, 5, 13, 1, 9
6_6_12 8, 16, 4, 12, 5, 13
4_6_18 11, 3, 7, 15
8_3_08 5, 13, 1, 9, 6, 14, 2, 10
4_13_06 7, 15, 3, 11
6_27_08 7, 15, 3, 11, 8, 16
1_13_00 4
8_27_22 14, 6, 10, 2, 15, 7, 11, 3
3_23_16 10, 2, 14
2_23_10 7, 15
6_13_14 11, 3, 7, 15, 8, 16
5_9_16 11, 3, 7, 15, 12
3_17_08 5, 13, 1
6_16_14 11, 3, 7, 15, 4, 12
6_8_12 8, 16, 4, 12, 5, 13
2_30_20 10, 2
1_11_06 14
2_16_10 5, 13
6_16_02 5, 13, 1, 9, 14, 6
4_19_10 6, 14, 2, 10
7_30_10 9, 1, 5, 13, 2, 10, 14
1_30_22 11
2_28_18 8, 16
7_30_02 5, 13, 1, 9, 14, 6, 10
7_20_16 9, 1, 5, 13, 14, 6, 10
1_18_08 1
4_8_08 6, 14, 2, 10
3_12_14 6, 14, 10
2_27_20 13, 5
6_4_10 6, 14, 2, 10, 3, 11
5_13_18 13, 5, 9, 1, 10
7_20_04 3, 11, 15, 7, 8, 16, 4
1_20_14 12
4_22_08 6, 14, 2, 10
6_27_00 3, 11, 15, 7, 4, 12
4_17_06 4, 12, 16, 8
5_19_00 1, 9, 13, 5, 10
1_29_08 8
1_31_02 13
3_29_18 13, 5, 9
5_1_18 10, 2, 6, 14, 11
6_5_02 3, 11, 15, 7, 4, 12
4_16_02 5, 13, 1, 9
3_3_16 9, 1, 13
3_28_04 1, 9, 5
3_9_08 7, 15, 3
4_28_04 5, 13, 1, 9
2_30_02 1, 9
4_4_10 6, 14, 2, 10
5_18_08 5, 13, 1, 9, 2
4_8_00 2, 10, 14, 6
7_28_18 12, 4, 8, 16, 1, 9, 13
1_29_16 12
2_25_14 10, 2
1_5_08 6
7_2_12 7, 15, 3, 11, 4, 12, 16
7_8_20 12, 4, 8, 16, 1, 9, 13
7_7_18 11, 3, 7, 15, 4, 12, 16
4_22_00 2, 10, 14, 6
1_16_22 3
1_12_04 9
7_13_22 15, 7, 11, 3, 12, 4, 8
6_17_10 6, 14, 2, 10, 7, 15
8_14_06 7, 15, 3, 11, 4, 12, 16, 8
3_7_14 9, 1, 13
3_4_16 5, 13, 9
8_10_10 8, 16, 4, 12, 9, 1, 5, 13
5_9_00 3, 11, 15, 7, 4
4_25_00 3, 11, 15, 7
5_13_14 11, 3, 7, 15, 8
8_8_06 5, 13, 1, 9, 6, 14, 2, 10
7_8_10 7, 15, 3, 11, 12, 4, 8
8_7_08 6, 14, 2, 10, 7, 15, 3, 11
4_24_04 4, 12, 16, 8
6_7_04 4, 12, 16, 8, 5, 13
1_29_20 14
8_1_12 7, 15, 3, 11, 8, 16, 4, 12
3_30_14 7, 15, 3
6_15_02 5, 13, 1, 9, 2, 10
3_31_20 14, 6, 2
2_23_18 11, 3
3_19_20 11, 3, 15
1_6_08 2
1_13_18 13
4_27_18 12, 4, 8, 16
3_4_20 7, 15, 11
5_10_10 8, 16, 4, 12, 5
5_19_20 11, 3, 7, 15, 4
2_30_14 7, 15
3_1_14 8, 16, 4
5_30_18 13, 5, 9, 1, 6
2_18_18 6, 14
5_17_06 4, 12, 16, 8, 5
8_29_10 9, 1, 5, 13, 6, 14, 2, 10
4_6_00 2, 10, 14, 6
3_20_00 13, 5, 1
4_23_14 9, 1, 5, 13
1_27_12 1
8_10_04 5, 13, 1, 9, 6, 14, 2, 10
2_13_00 4,12
8_15_08 8, 16, 4, 12, 5, 13, 1, 9
3_5_04 4, 12, 16
4_5_08 6, 14, 2, 10
8_27_14 10, 2, 6, 14, 11, 3, 7, 15
7_14_08 8, 16, 4, 12, 1, 9, 13
1_30_14 7
5_27_20 13, 5, 9, 1, 6
8_19_00 1, 9, 13, 5, 2, 10, 14, 6
5_2_18 10, 2, 6, 14, 7
6_28_02 4, 12, 16, 8, 1, 9
1_19_22 4
2_29_06 7, 15
6_31_18 13, 5, 9, 1, 10, 2
4_25_08 7, 15, 3, 11
2_31_00 4,12
5_21_16 10, 2, 6, 14, 11
4_19_06 4, 12, 16, 8
3_13_02 5, 13, 1
5_29_16 12, 4, 8, 16, 9
1_19_20 3
2_20_18 6, 14
7_4_10 6, 14, 2, 10, 11, 3, 7
1_29_22 15
8_5_16 10, 2, 6, 14, 11, 3, 7, 15
2_28_14 6, 14
3_21_12 8, 16, 4
1_1_04 3
7_11_06 6, 14, 2, 10, 15, 7, 11
3_7_18 11, 3, 15
5_23_08 6, 14, 2, 10, 15
6_29_04 6, 14, 2, 10, 3, 11
2_13_18 13, 5
6_21_00 2, 10, 14, 6, 3, 11
5_31_10 9, 1, 5, 13, 14
3_4_22 8, 16, 12
5_6_14 9, 1, 5, 13, 6
4_29_18 13, 5, 9, 1
7_13_06 7, 15, 3, 11, 4, 12, 16
7_22_04 4, 12, 16, 8, 1, 9, 13
3_9_02 4, 12, 16
4_10_02 4, 12, 16, 8
5_26_16 11, 3, 7, 15, 8
4_27_22 14, 6, 10, 2
3_27_10 8, 16, 12
5_7_06 5, 13, 1, 9, 14
6_30_16 12, 4, 8, 16, 5, 13
1_26_00 15
1_6_22 9
8_10_00 3, 11, 15, 7, 4, 12, 16, 8
8_19_10 6, 14, 2, 10, 7, 15, 3, 11
7_21_16 10, 2, 6, 14, 11, 3, 7
6_18_12 7, 15, 3, 11, 4, 12
8_14_06 7, 15, 3, 11, 4, 12, 16, 8
5_28_04 5, 13, 1, 9, 10
2_16_22 11, 3
4_10_10 8, 16, 4, 12
2_25_02 4, 12
2_14_00 16, 8
3_6_00 14, 6, 10
3_29_04 6, 14, 2
2_28_08 3, 11
5_18_02 2, 10, 14, 6, 15
7_15_08 8, 16, 4, 12, 13, 5, 9
6_6_00 2, 10, 14, 6, 15, 7
3_28_18 8, 16, 12
5_10_02 4, 12, 16, 8, 1
3_1_02 2, 10, 14
6_13_18 13, 5, 9, 1, 10, 2
4_27_04 5, 13, 1, 9
3_28_22 10, 2, 14
2_15_06 7, 15
3_15_08 8, 16, 12
1_16_00 8
5_18_06 4, 12, 16, 8, 1
7_3_00 1, 9, 13, 5, 10, 2, 6
1_13_00 4
2_28_20 9, 1
7_2_10 6, 14, 2, 10, 3, 11, 15
8_12_16 11, 3, 7, 15, 12, 4, 8, 16
1_18_04 15
4_4_08 5, 13, 1, 9
4_7_12 8, 16, 4, 12
2_7_08 6, 14
8_20_02 2, 10, 14, 6, 3, 11, 15, 7
5_28_22 14, 6, 10, 2, 3
4_1_10 6, 14, 2, 10
1_8_20 16
3_4_14 4, 12, 8
7_4_04 3, 11, 15, 7, 8, 16, 4
4_28_10 8, 16, 4, 12
3_16_22 11, 3, 15
7_6_02 3, 11, 15, 7, 16, 8, 12
6_29_02 5, 13, 1, 9, 2, 10
3_10_20 9, 1, 5
6_16_14 11, 3, 7, 15, 4, 12
1_21_18 11
6_31_18 13, 5, 9, 1, 10, 2
4_27_04 5, 13, 1, 9
1_25_00 3
8_5_08 6, 14, 2, 10, 7, 15, 3, 11
6_14_06 7, 15, 3, 11, 16, 8
3_14_14 7, 15, 3
6_19_12 7, 15, 3, 11, 8, 16
7_12_10 8, 16, 4, 12, 13, 5, 9
7_15_10 9, 1, 5, 13, 14, 6, 10
6_19_08 5, 13, 1, 9, 6, 14
5_12_08 7, 15, 3, 11, 12
8_11_10 8, 16, 4, 12, 9, 1, 5, 13
3_6_04 16, 8, 12
2_26_00 15, 7
4_15_12 10, 2, 6, 14
7_29_00 4, 12, 16, 8, 1, 9, 13
3_16_00 16, 8, 4
1_21_04 4
4_25_04 5, 13, 1, 9
7_1_04 3, 11, 15, 7, 4, 12, 16
6_13_22 15, 7, 11, 3, 12, 4
6_2_18 10, 2, 6, 14, 7, 15
1_12_18 16
3_27_10 8, 16, 12
6_5_22 13, 5, 9, 1, 14, 6
6_25_08 7, 15, 3, 11, 8, 16
5_12_16 11, 3, 7, 15, 16
3_2_02 14, 6, 10
2_16_16 8, 16
8_18_20 11, 3, 7, 15, 12, 4, 8, 16
3_16_08 4, 12, 8
5_20_20 11, 3, 7, 15, 16
8_12_18 12, 4, 8, 16, 13, 5, 9, 1
6_28_08 7, 15, 3, 11, 4, 12
3_9_14 10, 2, 6
8_6_16 10, 2, 6, 14, 11, 3, 7, 15
3_15_04 6, 14, 10
3_22_06 1, 9, 13
4_31_20 14, 6, 10, 2
6_14_04 6, 14, 2, 10, 15, 7
1_8_02 7
4_30_08 8, 16, 4, 12
7_14_04 6, 14, 2, 10, 15, 7, 11
2_30_20 10, 2
6_9_02 4, 12, 16, 8, 5, 13
8_21_14 9, 1, 5, 13, 10, 2, 6, 14
3_4_04 15, 7, 3
2_31_14 11, 3
4_28_04 5, 13, 1, 9
8_6_02 3, 11, 15, 7, 4, 12, 16, 8
8_11_02 4, 12, 16, 8, 5, 13, 1, 9
1_24_04 8
1_10_10 4
4_16_20 14, 6, 10, 2
2_23_16 10, 2
3_1_00 1, 9, 13
3_17_04 3, 11, 15
7_26_12 9, 1, 5, 13, 6, 14, 2
2_1_22 12, 4
5_29_16 12, 4, 8, 16, 9
2_19_06 4, 12
3_26_12 5, 13, 1
4_21_00 2, 10, 14, 6
7_17_20 11, 3, 7, 15, 12, 4, 8
3_25_12 9, 1, 5
8_14_16 12, 4, 8, 16, 9, 1, 5, 13
4_9_00 3, 11, 15, 7
3_18_00 13, 5, 9
2_7_16 10, 2
7_12_12 9, 1, 5, 13, 14, 6, 10
4_24_14 9, 1, 5, 13
3_28_18 8, 16, 12
7_14_18 13, 5, 9, 1, 6, 14, 2
1_28_20 1
6_13_04 6, 14, 2, 10, 3, 11
5_7_04 4, 12, 16, 8, 13
8_26_04 5, 13, 1, 9, 6, 14, 2, 10
4_11_16 11, 3, 7, 15
4_27_08 7, 15, 3, 11
5_21_06 5, 13, 1, 9, 6
4_10_14 10, 2, 6, 14
4_18_18 10, 2, 6, 14
3_5_18 11, 3, 7
6_25_10 8, 16, 4, 12, 9, 1
2_22_18 7, 15
7_18_04 3, 11, 15, 7, 16, 8, 12
1_30_14 7
6_24_18 11, 3, 7, 15, 8, 16
1_18_16 5
3_21_18 11, 3, 7
7_17_22 12, 4, 8, 16, 13, 5, 9
8_22_14 9, 1, 5, 13, 10, 2, 6, 14
6_14_10 9, 1, 5, 13, 2, 10
4_7_04 4, 12, 16, 8
4_30_06 7, 15, 3, 11
7_25_02 4, 12, 16, 8, 5, 13, 1
6_12_20 13, 5, 9, 1, 10, 2
8_8_00 2, 10, 14, 6, 3, 11, 15, 7
4_6_08 6, 14, 2, 10
7_31_16 12, 4, 8, 16, 1, 9, 13
4_6_20 12, 4, 8, 16
2_27_08 7, 15
5_24_14 9, 1, 5, 13, 14
5_2_04 3, 11, 15, 7, 16
4_7_22 13, 5, 9, 1
5_24_12 8, 16, 4, 12, 13
1_4_22 16
3_10_12 5, 13, 1
6_9_12 9, 1, 5, 13, 10, 2
2_15_20 14, 6
2_7_16 10, 2
3_19_22 12, 4, 16
8_4_16 9, 1, 5, 13, 10, 2, 6, 14
8_25_04 5, 13, 1, 9, 6, 14, 2, 10
5_29_20 14, 6, 10, 2, 11
3_2_06 16, 8, 12
2_9_18 12, 4
4_27_18 12, 4, 8, 16
3_6_18 7, 15, 3
5_24_10 7, 15, 3, 11, 12
7_9_00 3, 11, 15, 7, 4, 12, 16
5_23_02 3, 11, 15, 7, 12
4_2_18 10, 2, 6, 14
8_11_02 4, 12, 16, 8, 5, 13, 1, 9
5_8_22 13, 5, 9, 1, 2
1_26_22 10
7_3_08 5, 13, 1, 9, 14, 6, 10
4_10_04 5, 13, 1, 9
5_28_06 6, 14, 2, 10, 11
8_26_04 5, 13, 1, 9, 6, 14, 2, 10
6_15_04 6, 14, 2, 10, 3, 11
1_29_00 4
2_1_12 7, 15
6_15_20 14, 6, 10, 2, 11, 3
4_13_02 5, 13, 1, 9
2_9_08 7, 15
6_23_02 3, 11, 15, 7, 4, 12
6_23_08 6, 14, 2, 10, 7, 15
4_24_22 13, 5, 9, 1
6_7_04 4, 12, 16, 8, 5, 13
8_30_12 10, 2, 6, 14, 7, 15, 3, 11
7_20_00 1, 9, 13, 5, 6, 14, 2
4_14_20 14, 6, 10, 2
1_2_18 6
1_18_14 4
2_7_22 13, 5
1_6_22 9
8_12_18 12, 4, 8, 16, 13, 5, 9, 1
8_8_00 2, 10, 14, 6, 3, 11, 15, 7
4_22_22 13, 5, 9, 1
6_18_10 6, 14, 2, 10, 3, 11
6_21_08 6, 14, 2, 10, 7, 15
1_20_00 5
3_7_20 12, 4, 16
4_12_14 10, 2, 6, 14
7_18_00 1, 9, 13, 5, 14, 6, 10
4_31_04 6, 14, 2, 10
2_25_22 14, 6
7_28_12 9, 1, 5, 13, 14, 6, 10
4_30_02 5, 13, 1, 9
4_6_14 9, 1, 5, 13
7_29_08 8, 16, 4, 12, 5, 13, 1
7_1_18 10, 2, 6, 14, 11, 3, 7
1_24_08 10
6_31_12 10, 2, 6, 14, 7, 15
7_27_20 13, 5, 9, 1, 6, 14, 2
2_21_06 5, 13
6_10_02 4, 12, 16, 8, 1, 9
