6_27_16 11, 3, 7, 15, 12, 4
5_8_10 7, 15, 3, 11, 12
5_1_22 12, 4, 8, 16, 13
2_20_08 1, 9
7_16_08 8, 16, 4, 12, 9, 1, 5
3_24_02 15, 7, 3
6_19_04 3, 11, 15, 7, 4, 12
7_11_20 13, 5, 9, 1, 6, 14, 2
4_31_04 6, 14, 2, 10
7_28_22 14, 6, 10, 2, 3, 11, 15
2_22_20 8, 16
5_26_02 4, 12, 16, 8, 1
7_7_08 6, 14, 2, 10, 15, 7, 11
4_9_00 3, 11, 15, 7
7_24_20 12, 4, 8, 16, 1, 9, 13
6_22_00 2, 10, 14, 6, 15, 7
8_25_02 4, 12, 16, 8, 5, 13, 1, 9
4_30_18 13, 5, 9, 1
1_10_20 9
7_16_20 14, 6, 10, 2, 15, 7, 11
7_2_04 3, 11, 15, 7, 16, 8, 12
4_5_20 12, 4, 8, 16
8_11_08 7, 15, 3, 11, 8, 16, 4, 12
6_23_04 4, 12, 16, 8, 5, 13
2_27_20 13, 5
1_25_18 12
2_15_14 11, 3
4_15_20 14, 6, 10, 2
4_4_04 3, 11, 15, 7
3_21_04 4, 12, 16
6_9_16 11, 3, 7, 15, 12, 4
2_5_12 8, 16
6_11_18 12, 4, 8, 16, 13, 5
5_11_18 12, 4, 8, 16, 5
1_23_12 16
4_9_18 12, 4, 8, 16
1_12_02 8
7_26_04 5, 13, 1, 9, 2, 10, 14
6_30_06 7, 15, 3, 11, 16, 8
3_1_00 1, 9, 13
3_14_18 9, 1, 5
4_17_14 8, 16, 4, 12
3_10_22 10, 2, 6
4_7_02 3, 11, 15, 7
5_16_06 7, 15, 3, 11, 8
8_12_06 6, 14, 2, 10, 7, 15, 3, 11
1_26_14 6
2_3_20 11, 3
2_27_10 8, 16
8_18_16 9, 1, 5, 13, 10, 2, 6, 14
6_7_18 11, 3, 7, 15, 12, 4
4_3_20 11, 3, 7, 15
6_11_06 6, 14, 2, 10, 7, 15
6_28_06 6, 14, 2, 10, 3, 11
1_5_14 9
8_6_04 4, 12, 16, 8, 5, 13, 1, 9
6_28_12 9, 1, 5, 13, 6, 14
4_7_08 6, 14, 2, 10
1_20_10 10
8_27_22 14, 6, 10, 2, 15, 7, 11, 3
8_8_22 13, 5, 9, 1, 14, 6, 10, 2
4_23_22 13, 5, 9, 1
1_21_02 3
5_27_20 13, 5, 9, 1, 6
8_17_16 9, 1, 5, 13, 10, 2, 6, 14
8_24_22 13, 5, 9, 1, 14, 6, 10, 2
2_29_20 14, 6
2_30_16 8, 16
4_15_08 8, 16, 12
8_16_20 14, 6, 10, 2, 11, 3, 7, 15
7_31_00 4, 12, 16, 8, 9, 1, 5
1_30_16 8
6_18_12 7, 15, 3, 11, 4, 12
8_8_10 7, 15, 3, 11, 8, 16, 4, 12
7_23_22 13, 5, 9, 1, 6, 14, 2
8_20_20 11, 3, 7, 15, 12, 4, 8, 16
5_20_02 2, 10, 14, 6, 7
6_5_16 10, 2, 6, 14, 11, 3
1_1_14 8
5_20_18 10, 2, 6, 14, 15
6_15_18 13, 5, 9, 1, 10, 2
2_3_14 8, 16
3_15_14 11, 3, 15
7_20_06 4, 12, 16, 8, 9, 1, 5
1_23_02 11
2_20_16 5, 13
4_30_04 6, 14, 2, 10
7_31_20 14, 6, 10, 2, 3, 11, 15
1_1_22 12
8_23_02 3, 11, 15, 7, 4, 12, 16, 8
7_26_12 9, 1, 5, 13, 6, 14, 2
5_1_16 9, 1, 5, 13, 10
4_14_04 6, 14, 2, 10
2_21_02 3, 11
2_15_18 13, 5
2_2_10 2, 10
3_26_06 2, 10, 14
8_13_16 12, 4, 8, 16, 9, 1, 5, 13
8_2_22 12, 4, 8, 16, 13, 5, 9, 1
3_4_04 15, 7, 3
1_19_16 1
1_5_16 10
3_30_00 16, 8, 12
7_21_20 12, 4, 8, 16, 13, 5, 9
8_1_20 11, 3, 7, 15, 12, 4, 8, 16
1_17_00 1
1_18_00 13
3_21_08 6, 14, 2
6_27_12 9, 1, 5, 13, 10, 2
6_4_14 8, 16, 4, 12, 5, 13
3_7_12 8, 16, 12
7_12_06 6, 14, 2, 10, 11, 3, 7
1_25_14 10
3_7_06 5, 13, 9
4_8_08 6, 14, 2, 10
7_9_14 10, 2, 6, 14, 11, 3, 7
6_8_02 3, 11, 15, 7, 16, 8
1_28_12 13
5_25_10 8, 16, 4, 12, 9
2_27_18 12, 4
3_3_06 4, 12, 8
3_30_04 2, 10, 14
6_13_02 5, 13, 1, 9, 2, 10
7_14_00 4, 12, 16, 8, 13, 5, 9
4_26_00 3, 11, 15, 7
6_16_20 14, 6, 10, 2, 7, 15
8_11_22 14, 6, 10, 2, 15, 7, 11, 3
5_4_14 8, 16, 4, 12, 13
2_16_16 8, 16
7_29_10 9, 1, 5, 13, 6, 14, 2
8_20_06 4, 12, 16, 8, 5, 13, 1, 9
7_16_16 12, 4, 8, 16, 13, 5, 9
3_4_14 4, 12, 8
7_6_20 12, 4, 8, 16, 9, 1, 5
6_6_16 10, 2, 6, 14, 7, 15
8_19_00 1, 9, 13, 5, 2, 10, 14, 6
2_20_20 7, 15
4_26_06 6, 14, 2, 10
1_11_10 16
4_8_20 12, 4, 8, 16
5_8_10 7, 15, 3, 11, 12
6_18_12 7, 15, 3, 11, 4, 12
4_23_18 11, 3, 7, 15
3_10_02 16, 8, 12
3_12_04 1, 9, 5
7_28_12 9, 1, 5, 13, 14, 6, 10
1_19_16 1
5_12_20 13, 5, 9, 1, 2
3_22_18 7, 15, 3
4_16_02 5, 13, 1, 9
8_2_12 7, 15, 3, 11, 8, 16, 4, 12
1_19_00 9
2_10_04 1, 9
7_21_22 13, 5, 9, 1, 14, 6, 10
6_25_22 14, 6, 10, 2, 15, 7
4_13_12 10, 2, 6, 14
4_17_16 9, 1, 5, 13
4_14_12 10, 2, 6, 14
3_6_10 3, 11, 15
3_16_06 3, 11, 7
1_8_06 9
6_27_08 7, 15, 3, 11, 8, 16
4_11_00 3, 11, 15, 7
5_11_14 10, 2, 6, 14, 3
1_25_00 3
2_28_16 7, 15
4_8_16 10, 2, 6, 14
1_29_14 11
1_2_16 5
4_9_10 8, 16, 4, 12
2_1_12 7, 15
5_22_12 8, 16, 4, 12, 5
7_25_00 3, 11, 15, 7, 4, 12, 16
4_16_14 11, 3, 7, 15
8_25_04 5, 13, 1, 9, 6, 14, 2, 10
8_21_16 10, 2, 6, 14, 11, 3, 7, 15
5_23_14 9, 1, 5, 13, 2
6_17_22 12, 4, 8, 16, 13, 5
6_22_18 11, 3, 7, 15, 8, 16
2_1_14 8, 16
2_17_20 11, 3
5_11_00 3, 11, 15, 7, 12
6_28_00 3, 11, 15, 7, 16, 8
6_15_22 15, 7, 11, 3, 12, 4
6_21_20 12, 4, 8, 16, 13, 5
3_19_18 10, 2, 14
8_4_10 6, 14, 2, 10, 7, 15, 3, 11
5_16_00 4, 12, 16, 8, 5
8_9_22 14, 6, 10, 2, 15, 7, 11, 3
8_21_10 7, 15, 3, 11, 8, 16, 4, 12
6_17_10 6, 14, 2, 10, 7, 15
5_20_04 3, 11, 15, 7, 8
3_17_12 7, 15, 3
5_14_22 15, 7, 11, 3, 8
3_30_18 9, 1, 5
7_11_20 13, 5, 9, 1, 6, 14, 2
1_5_06 5
6_28_06 6, 14, 2, 10, 3, 11
6_10_20 13, 5, 9, 1, 10, 2
6_22_10 7, 15, 3, 11, 4, 12
7_1_14 8, 16, 4, 12, 9, 1, 5
3_7_10 7, 15, 11
1_29_20 14
1_24_04 8
8_1_10 6, 14, 2, 10, 7, 15, 3, 11
4_8_20 12, 4, 8, 16
1_31_08 16
6_6_16 10, 2, 6, 14, 7, 15
8_7_10 7, 15, 3, 11, 8, 16, 4, 12
6_6_22 13, 5, 9, 1, 10, 2
1_5_00 2
6_13_02 5, 13, 1, 9, 2, 10
6_11_06 6, 14, 2, 10, 7, 15
4_10_08 7, 15, 3, 11
6_4_22 12, 4, 8, 16, 9, 1
3_23_04 4, 12, 8
7_16_08 8, 16, 4, 12, 9, 1, 5
1_26_18 8
3_18_16 5, 13, 1
1_17_04 3
6_3_22 12, 4, 8, 16, 13, 5
3_1_10 6, 14, 2
7_20_04 3, 11, 15, 7, 8, 16, 4
4_15_20 14, 6, 10, 2
3_16_08 4, 12, 8
2_29_18 13, 5
2_17_12 7, 15
1_30_18 9
8_7_20 12, 4, 8, 16, 13, 5, 9, 1
7_10_08 7, 15, 3, 11, 4, 12, 16
8_16_20 14, 6, 10, 2, 11, 3, 7, 15
1_7_14 1
8_1_16 9, 1, 5, 13, 10, 2, 6, 14
7_27_20 13, 5, 9, 1, 6, 14, 2
6_2_04 3, 11, 15, 7, 16, 8
6_1_04 3, 11, 15, 7, 4, 12
2_26_00 15, 7
1_1_20 11
8_19_04 3, 11, 15, 7, 4, 12, 16, 8
1_17_08 5
4_12_16 11, 3, 7, 15
8_28_14 10, 2, 6, 14, 11, 3, 7, 15
2_8_12 4, 12
8_15_08 8, 16, 4, 12, 5, 13, 1, 9
6_18_14 8, 16, 4, 12, 5, 13
2_15_14 11, 3
3_1_12 7, 15, 3
6_4_02 2, 10, 14, 6, 15, 7
6_20_16 9, 1, 5, 13, 6, 14
1_3_22 4
8_28_06 6, 14, 2, 10, 7, 15, 3, 11
4_15_14 11, 3, 7, 15
7_23_18 11, 3, 7, 15, 4, 12, 16
7_25_06 6, 14, 2, 10, 7, 15, 3
1_17_06 4
1_4_04 7
3_9_20 13, 5, 9
4_27_18 12, 4, 8, 16
4_8_14 9, 1, 5, 13
5_31_18 13, 5, 9, 1, 2
5_16_16 12, 4, 8, 16, 13
2_26_04 1, 9
2_20_14 4, 12
4_31_18 13, 5, 9, 1
6_9_00 3, 11, 15, 7, 4, 12
2_26_12 5, 13
5_18_14 8, 16, 4, 12, 5
2_29_04 6, 14
8_18_22 12, 4, 8, 16, 13, 5, 9, 1
4_20_22 12, 4, 8, 16
8_31_20 14, 6, 10, 2, 11, 3, 7, 15
3_4_14 4, 12, 8
8_23_08 6, 14, 2, 10, 7, 15, 3, 11
1_12_20 1
7_14_06 7, 15, 3, 11, 16, 8, 12
8_8_14 9, 1, 5, 13, 10, 2, 6, 14
7_30_10 9, 1, 5, 13, 2, 10, 14
2_24_06 1, 9
7_18_06 4, 12, 16, 8, 1, 9, 13
3_10_08 3, 11, 15
1_14_12 6
3_24_06 1, 9, 5
4_9_12 9, 1, 5, 13
7_15_12 10, 2, 6, 14, 15, 7, 11
1_18_04 15
8_20_06 4, 12, 16, 8, 5, 13, 1, 9
8_20_04 3, 11, 15, 7, 4, 12, 16, 8
2_13_18 13, 5
7_18_04 3, 11, 15, 7, 16, 8, 12
8_25_16 11, 3, 7, 15, 12, 4, 8, 16
5_26_20 13, 5, 9, 1, 10
1_17_14 8
7_6_06 5, 13, 1, 9, 2, 10, 14
8_12_06 6, 14, 2, 10, 7, 15, 3, 11
4_5_08 6, 14, 2, 10
7_11_06 6, 14, 2, 10, 15, 7, 11
3_26_02 16, 8, 12
1_16_04 10
6_3_12 7, 15, 3, 11, 8, 16
2_20_22 8, 16
5_10_22 14, 6, 10, 2, 11
5_2_08 5, 13, 1, 9, 2
2_22_16 6, 14
6_21_20 12, 4, 8, 16, 13, 5
8_3_08 5, 13, 1, 9, 6, 14, 2, 10
3_11_04 5, 13, 9
3_3_08 5, 13, 9
5_8_12 8, 16, 4, 12, 13
1_12_16 15
2_29_22 15, 7
8_7_10 7, 15, 3, 11, 8, 16, 4, 12
2_27_16 11, 3
3_4_08 1, 9, 5
1_19_20 3
4_31_14 11, 3, 7, 15
1_31_18 5
5_29_04 6, 14, 2, 10, 3
4_27_10 8, 16, 4, 12
1_9_12 9
5_2_18 10, 2, 6, 14, 7
7_19_22 12, 4, 8, 16, 5, 13, 1
3_16_00 16, 8, 4
4_2_04 3, 11, 15, 7
6_22_06 5, 13, 1, 9, 2, 10
6_6_18 11, 3, 7, 15, 8, 16
4_30_00 4,12, 16, 8
5_14_20 14, 6, 10, 2, 7
5_26_02 4, 12, 16, 8, 1
5_28_00 3, 11, 15, 7, 8
8_1_00 1, 9, 13, 5, 2, 10, 14, 6
1_23_12 16
4_31_10 9, 1, 5, 13
7_29_06 7, 15, 3, 11, 4, 12, 16
3_13_02 5, 13, 1
2_6_14 5, 13
5_28_02 4, 12, 16, 8, 9
7_28_00 3, 11, 15, 7, 8, 16, 4
3_21_16 10, 2, 6
1_28_16 15
2_24_22 9, 1
7_3_14 8, 16, 4, 12, 1, 9, 13
1_15_00 12
7_30_00 4, 12, 16, 8, 13, 5, 9
5_18_16 9, 1, 5, 13, 6
6_11_06 6, 14, 2, 10, 7, 15
3_25_20 13, 5, 9
5_30_04 6, 14, 2, 10, 15
3_22_14 5, 13, 1
6_5_14 9, 1, 5, 13, 10, 2
2_16_18 9, 1
1_9_16 11
2_11_16 11, 3
8_22_14 9, 1, 5, 13, 10, 2, 6, 14
1_21_06 5
4_7_14 9, 1, 5, 13
7_27_04 5, 13, 1, 9, 14, 6, 10
3_14_12 6, 14, 2
6_30_00 4, 12, 16, 8, 13, 5
6_24_10 7, 15, 3, 11, 4, 12
3_20_00 13, 5, 1
7_13_16 12, 4, 8, 16, 9, 1, 5
5_3_00 1, 9, 13, 5, 10
8_1_18 10, 2, 6, 14, 11, 3, 7, 15
8_6_08 6, 14, 2, 10, 7, 15, 3, 11
6_11_02 4, 12, 16, 8, 5, 13
4_23_06 5, 13, 1, 9
2_29_08 8, 16
1_5_10 7
7_2_16 9, 1, 5, 13, 6, 14, 2
8_1_14 8, 16, 4, 12, 9, 1, 5, 13
6_15_00 4, 12, 16, 8, 1, 9
7_28_06 6, 14, 2, 10, 11, 3, 7
6_2_16 9, 1, 5, 13, 6, 14
8_5_22 13, 5, 9, 1, 14, 6, 10, 2
8_5_20 12, 4, 8, 16, 13, 5, 9, 1
4_1_04 3, 11, 15, 7
7_31_06 7, 15, 3, 11, 12, 4, 8
2_23_20 12, 4
5_30_10 9, 1, 5, 13, 2
2_27_10 8, 16
5_5_12 8, 16, 4, 12, 9
8_4_06 4, 12, 16, 8, 5, 13, 1, 9
7_8_14 9, 1, 5, 13, 14, 6, 10
2_25_20 13, 5
6_13_02 5, 13, 1, 9, 2, 10
8_5_04 4, 12, 16, 8, 5, 13, 1, 9
3_27_14 10, 2, 14
6_1_06 4, 12, 16, 8, 5, 13
6_15_02 5, 13, 1, 9, 2, 10
6_17_20 11, 3, 7, 15, 12, 4
1_8_22 1
2_13_16 12, 4
3_23_22 13, 5, 1
8_11_18 12, 4, 8, 16, 13, 5, 9, 1
3_24_16 6, 14, 10
5_16_20 14, 6, 10, 2, 15
7_10_12 9, 1, 5, 13, 6, 14, 2
7_11_04 5, 13, 1, 9, 14, 6, 10
8_25_06 6, 14, 2, 10, 7, 15, 3, 11
3_13_18 13, 5, 9
8_11_14 10, 2, 6, 14, 11, 3, 7, 15
6_27_12 9, 1, 5, 13, 10, 2
6_2_20 11, 3, 7, 15, 8, 16
2_12_02 16, 8
5_7_00 2, 10, 14, 6, 11
2_26_10 4, 12
3_26_22 10, 2, 6
7_21_22 13, 5, 9, 1, 14, 6, 10
5_3_00 1, 9, 13, 5, 10
5_1_04 3, 11, 15, 7, 4
8_19_04 3, 11, 15, 7, 4, 12, 16, 8
3_10_18 8, 16, 4
7_31_10 9, 1, 5, 13, 14, 6, 10
8_26_12 9, 1, 5, 13, 10, 2, 6, 14
3_19_08 5, 13, 9
4_30_02 5, 13, 1, 9
5_13_02 5, 13, 1, 9, 2
7_1_10 6, 14, 2, 10, 7, 15, 3
4_26_10 8, 16, 4, 12
4_13_04 6, 14, 2, 10
8_21_16 10, 2, 6, 14, 11, 3, 7, 15
4_15_14 11, 3, 7, 15
4_18_04 3, 11, 15, 7
2_4_16 5, 13
7_3_14 8, 16, 4, 12, 1, 9, 13
5_12_04 5, 13, 1, 9, 10
6_7_04 4, 12, 16, 8, 5, 13
8_7_04 4, 12, 16, 8, 5, 13, 1, 9
4_15_20 14, 6, 10, 2
4_11_08 7, 15, 3, 11
5_28_02 4, 12, 16, 8, 9
4_27_20 13, 5, 9, 1
3_30_18 9, 1, 5
3_4_08 1, 9, 5
5_14_16 12, 4, 8, 16, 5
6_29_06 7, 15, 3, 11, 4, 12
4_14_20 14, 6, 10, 2
2_10_22 10, 2
6_18_00 1, 9, 13, 5, 14, 6
7_24_06 5, 13, 1, 9, 10, 2, 6
1_15_12 2
2_21_06 5, 13
5_6_18 11, 3, 7, 15, 8
3_21_20 12, 4, 8
8_24_20 12, 4, 8, 16, 13, 5, 9, 1
3_20_02 14, 6, 2
1_19_12 15
7_12_12 9, 1, 5, 13, 14, 6, 10
8_5_12 8, 16, 4, 12, 9, 1, 5, 13
1_9_04 5
8_19_04 3, 11, 15, 7, 4, 12, 16, 8
4_24_18 11, 3, 7, 15
3_20_20 7, 15, 11
8_13_08 8, 16, 4, 12, 5, 13, 1, 9
3_12_10 4, 12, 8
7_27_12 9, 1, 5, 13, 2, 10, 14
7_14_04 6, 14, 2, 10, 15, 7, 11
4_6_10 7, 15, 3, 11
4_12_18 12, 4, 8, 16
5_9_22 14, 6, 10, 2, 15
8_28_00 3, 11, 15, 7, 4, 12, 16, 8
4_19_16 9, 1, 5, 13
1_28_10 12
2_2_12 3, 11
8_2_16 9, 1, 5, 13, 10, 2, 6, 14
1_30_16 8
5_26_08 7, 15, 3, 11, 4
7_3_02 2, 10, 14, 6, 11, 3, 7
8_25_02 4, 12, 16, 8, 5, 13, 1, 9
2_23_00 2, 10
2_25_10 8, 16
3_24_04 16, 8, 4
2_26_08 3, 11
6_2_20 11, 3, 7, 15, 8, 16
8_4_12 7, 15, 3, 11, 8, 16, 4, 12
7_17_18 10, 2, 6, 14, 11, 3, 7
5_26_04 5, 13, 1, 9, 2
3_17_22 12, 4, 8
2_14_16 8, 16
8_25_04 5, 13, 1, 9, 6, 14, 2, 10
4_2_08 5, 13, 1, 9
8_27_20 13, 5, 9, 1, 14, 6, 10, 2
5_29_08 8, 16, 4, 12, 5
3_6_14 5, 13, 1
4_8_10 7, 15, 3, 11
1_17_18 10
4_14_06 7, 15, 3, 11
8_12_04 5, 13, 1, 9, 6, 14, 2, 10
7_28_22 14, 6, 10, 2, 3, 11, 15
2_27_20 13, 5
1_3_20 3
2_14_04 2, 10
7_10_10 8, 16, 4, 12, 5, 13, 1
7_5_06 5, 13, 1, 9, 6, 14, 2
8_21_16 10, 2, 6, 14, 11, 3, 7, 15
4_6_10 7, 15, 3, 11
5_10_08 7, 15, 3, 11, 4
7_14_06 7, 15, 3, 11, 16, 8, 12
8_12_12 9, 1, 5, 13, 10, 2, 6, 14
4_16_02 5, 13, 1, 9
4_24_16 10, 2, 6, 14
6_16_00 4, 12, 16, 8, 13, 5
2_26_10 4, 12
3_13_02 5, 13, 1
3_8_18 7, 15, 11
1_18_16 5
3_30_08 4, 12, 16
7_8_04 4, 12, 16, 8, 9, 1, 5
3_18_00 13, 5, 9
2_19_10 6, 14
3_23_06 5, 13, 9
1_19_00 9
4_1_22 12, 4, 8, 16
7_27_20 13, 5, 9, 1, 6, 14, 2
7_23_18 11, 3, 7, 15, 4, 12, 16
1_30_08 4
5_15_06 7, 15, 3, 11, 12
6_22_20 12, 4, 8, 16, 9, 1
6_8_08 6, 14, 2, 10, 3, 11
6_19_04 3, 11, 15, 7, 4, 12
2_16_18 9, 1
7_17_02 2, 10, 14, 6, 3, 11, 15
5_16_18 13, 5, 9, 1, 14
7_8_10 7, 15, 3, 11, 12, 4, 8
3_21_22 13, 5, 9
5_29_02 5, 13, 1, 9, 2
7_15_06 7, 15, 3, 11, 12, 4, 8
4_5_14 9, 1, 5, 13
8_23_10 7, 15, 3, 11, 8, 16, 4, 12
8_14_16 12, 4, 8, 16, 9, 1, 5, 13
4_27_06 6, 14, 2, 10
3_6_02 15, 7, 11
8_16_04 6, 14, 2, 10, 3, 11, 15, 7
3_13_18 13, 5, 9
8_13_14 11, 3, 7, 15, 8, 16, 4, 12
1_18_18 6
8_22_00 2, 10, 14, 6, 3, 11, 15, 7
3_18_18 6, 14, 2
7_14_16 12, 4, 8, 16, 5, 13, 1
2_23_16 10, 2
6_22_10 7, 15, 3, 11, 4, 12
7_11_20 13, 5, 9, 1, 6, 14, 2
3_23_04 4, 12, 8
4_29_18 13, 5, 9, 1
1_1_00 1
6_22_04 4, 12, 16, 8, 1, 9
2_14_02 1, 9
7_8_06 5, 13, 1, 9, 10, 2, 6
2_20_02 14, 6
8_9_16 11, 3, 7, 15, 12, 4, 8, 16
1_18_20 7
5_28_10 8, 16, 4, 12, 13
2_29_20 14, 6
6_25_16 11, 3, 7, 15, 12, 4
1_17_06 4
2_16_22 11, 3
1_11_08 15
1_4_04 7
4_28_00 3, 11, 15, 7
2_11_08 7, 15
6_3_06 4, 12, 16, 8, 5, 13
5_1_02 2, 10, 14, 6, 3
4_19_18 10, 2, 6, 14
6_10_00 3, 11, 15, 7, 16, 8
6_13_06 7, 15, 3, 11, 4, 12
6_28_04 5, 13, 1, 9, 2, 10
4_26_04 5, 13, 1, 9
1_10_00 15
5_4_14 8, 16, 4, 12, 13
6_27_14 10, 2, 6, 14, 11, 3
5_13_10 9, 1, 5, 13, 6
2_30_02 1, 9
8_6_22 13, 5, 9, 1, 14, 6, 10, 2
6_10_04 5, 13, 1, 9, 2, 10
2_1_20 11, 3
6_18_10 6, 14, 2, 10, 3, 11
5_4_08 5, 13, 1, 9, 10
8_22_02 3, 11, 15, 7, 4, 12, 16, 8
7_4_08 5, 13, 1, 9, 10, 2, 6
7_10_06 6, 14, 2, 10, 3, 11, 15
1_7_16 2
3_25_22 14, 6, 10
2_5_14 9, 1
8_28_14 10, 2, 6, 14, 11, 3, 7, 15
2_6_08 2, 10
3_7_08 6, 14, 10
8_5_12 8, 16, 4, 12, 9, 1, 5, 13
7_17_06 4, 12, 16, 8, 5, 13, 1
4_16_18 13, 5, 9, 1
8_18_00 1, 9, 13, 5, 2, 10, 14, 6
6_28_04 5, 13, 1, 9, 2, 10
4_21_08 6, 14, 2, 10
1_13_02 5
3_19_06 4, 12, 8
4_28_10 8, 16, 4, 12
7_8_02 3, 11, 15, 7, 8, 16, 4
3_28_06 2, 10, 6
4_28_06 6, 14, 2, 10
8_22_14 9, 1, 5, 13, 10, 2, 6, 14
7_24_10 7, 15, 3, 11, 12, 4, 8
6_31_08 8, 16, 4, 12, 5, 13
8_26_08 7, 15, 3, 11, 8, 16, 4, 12
1_11_22 6
5_20_18 10, 2, 6, 14, 15
7_26_08 7, 15, 3, 11, 4, 12, 16
7_29_20 14, 6, 10, 2, 11, 3, 7
2_21_02 3, 11
1_22_08 2
4_2_22 12, 4, 8, 16
1_10_08 3
6_27_20 13, 5, 9, 1, 14, 6
4_11_20 13, 5, 9, 1
1_15_00 12
3_25_14 10, 2, 6
5_27_14 10, 2, 6, 14, 3
1_25_02 4
5_5_18 11, 3, 7, 15, 12
1_8_12 12
2_22_14 5, 13
7_4_06 4, 12, 16, 8, 9, 1, 5
5_3_18 10, 2, 6, 14, 3
3_30_20 10, 2, 6
5_28_20 13, 5, 9, 1, 2
5_2_06 4, 12, 16, 8, 1
6_18_02 2, 10, 14, 6, 15, 7
2_4_00 13, 5
8_6_20 12, 4, 8, 16, 13, 5, 9, 1
5_26_00 3, 11, 15, 7, 16
1_11_08 15
7_13_12 10, 2, 6, 14, 7, 15, 3
6_27_02 4, 12, 16, 8, 5, 13
8_17_02 2, 10, 14, 6, 3, 11, 15, 7
5_19_14 8, 16, 4, 12, 1
3_27_20 13, 5, 1
2_2_14 4, 12
4_19_08 5, 13, 1, 9
8_31_14 11, 3, 7, 15, 8, 16, 4, 12
8_16_04 6, 14, 2, 10, 3, 11, 15, 7
3_1_02 2, 10, 14
2_10_20 9, 1
8_11_06 6, 14, 2, 10, 7, 15, 3, 11
8_8_02 3, 11, 15, 7, 4, 12, 16, 8
7_30_08 8, 16, 4, 12, 1, 9, 13
2_13_14 11, 3
4_22_18 11, 3, 7, 15
7_2_04 3, 11, 15, 7, 16, 8, 12
8_12_16 11, 3, 7, 15, 12, 4, 8, 16
3_25_00 3, 11, 15
2_16_10 5, 13
3_1_02 2, 10, 14
3_17_08 5, 13, 1
6_12_00 3, 11, 15, 7, 16, 8
1_23_10 15
1_23_08 14
3_5_16 10, 2, 6
4_12_18 12, 4, 8, 16
1_31_06 15
8_7_18 11, 3, 7, 15, 12, 4, 8, 16
8_13_00 4, 12, 16, 8, 1, 9, 13, 5
4_8_04 4, 12, 16, 8
1_5_20 12
1_22_06 1
5_18_18 10, 2, 6, 14, 7
2_13_14 11, 3
8_15_20 14, 6, 10, 2, 11, 3, 7, 15
6_15_18 13, 5, 9, 1, 10, 2
3_8_02 15, 7, 3
5_10_02 4, 12, 16, 8, 1
7_12_02 4, 12, 16, 8, 9, 1, 5
5_12_10 8, 16, 4, 12, 13
1_17_06 4
2_10_02 16, 8
8_21_06 5, 13, 1, 9, 6, 14, 2, 10
3_17_20 11, 3, 7
3_11_22 14, 6, 2
5_22_14 9, 1, 5, 13, 6
4_17_18 10, 2, 6, 14
6_4_10 6, 14, 2, 10, 3, 11
3_5_20 12, 4, 8
3_10_04 1, 9, 13
5_30_10 9, 1, 5, 13, 2
5_30_08 8, 16, 4, 12, 1
8_30_12 10, 2, 6, 14, 7, 15, 3, 11
4_2_20 11, 3, 7, 15
5_17_12 7, 15, 3, 11, 8
2_10_02 16, 8
6_8_02 3, 11, 15, 7, 16, 8
1_11_04 13
5_20_06 4, 12, 16, 8, 9
7_9_06 6, 14, 2, 10, 7, 15, 3
2_4_14 4, 12
1_8_16 14
1_13_10 9
5_15_04 6, 14, 2, 10, 11
7_19_06 4, 12, 16, 8, 13, 5, 9
2_28_12 5, 13
7_31_18 13, 5, 9, 1, 2, 10, 14
5_9_14 10, 2, 6, 14, 11
3_28_20 9, 1, 13
1_31_02 13
7_25_02 4, 12, 16, 8, 5, 13, 1
5_1_14 8, 16, 4, 12, 9
3_4_02 14, 6, 2
8_14_20 14, 6, 10, 2, 11, 3, 7, 15
6_24_12 8, 16, 4, 12, 5, 13
7_3_14 8, 16, 4, 12, 1, 9, 13
4_23_18 11, 3, 7, 15
2_31_14 11, 3
8_20_04 3, 11, 15, 7, 4, 12, 16, 8
5_22_08 6, 14, 2, 10, 3
3_27_06 6, 14, 10
6_4_02 2, 10, 14, 6, 15, 7
4_11_00 3, 11, 15, 7
4_6_20 12, 4, 8, 16
6_9_20 13, 5, 9, 1, 14, 6
1_11_20 5
4_5_18 11, 3, 7, 15
4_29_04 6, 14, 2, 10
6_26_14 10, 2, 6, 14, 7, 15
7_7_10 7, 15, 3, 11, 16, 8, 12
7_11_20 13, 5, 9, 1, 6, 14, 2
6_13_18 13, 5, 9, 1, 10, 2
3_2_00 13, 5, 9
8_14_04 6, 14, 2, 10, 3, 11, 15, 7
4_13_04 6, 14, 2, 10
7_16_16 12, 4, 8, 16, 13, 5, 9
1_6_10 3
3_1_16 9, 1, 5
3_10_10 4, 12, 16
3_24_10 3, 11, 7
2_16_02 1, 9
4_14_12 10, 2, 6, 14
7_9_02 4, 12, 16, 8, 5, 13, 1
5_1_16 9, 1, 5, 13, 10
5_7_20 12, 4, 8, 16, 5
4_22_16 10, 2, 6, 14
4_15_12 10, 2, 6, 14
7_4_04 3, 11, 15, 7, 8, 16, 4
8_6_16 10, 2, 6, 14, 11, 3, 7, 15
4_23_12 8, 16, 4, 12
8_14_14 11, 3, 7, 15, 8, 16, 4, 12
5_4_04 3, 11, 15, 7, 8
7_19_06 4, 12, 16, 8, 13, 5, 9
2_16_16 8, 16
3_22_06 1, 9, 13
8_13_22 15, 7, 11, 3, 12, 4, 8, 16
1_18_08 1
5_2_20 11, 3, 7, 15, 8
2_27_06 6, 14
4_2_20 11, 3, 7, 15
2_12_08 3, 11
1_2_00 13
2_28_12 5, 13
8_20_20 11, 3, 7, 15, 12, 4, 8, 16
3_23_08 6, 14, 10
5_3_04 3, 11, 15, 7, 12
1_23_10 15
4_31_06 7, 15, 3, 11
3_7_08 6, 14, 10
5_25_02 4, 12, 16, 8, 5
3_11_16 11, 3, 15
5_23_06 5, 13, 1, 9, 14
2_18_00 13, 5
4_9_16 11, 3, 7, 15
3_16_14 7, 15, 11
3_1_18 10, 2, 6
4_26_12 9, 1, 5, 13
3_23_20 12, 4, 16
1_9_20 13
2_27_00 3, 11
7_29_04 6, 14, 2, 10, 3, 11, 15
6_26_12 9, 1, 5, 13, 6, 14
6_27_00 3, 11, 15, 7, 4, 12
5_3_22 12, 4, 8, 16, 5
5_19_20 11, 3, 7, 15, 4
4_6_08 6, 14, 2, 10
3_18_20 7, 15, 3
3_18_14 4, 12, 16
4_15_18 13, 5, 9, 1
8_11_18 12, 4, 8, 16, 13, 5, 9, 1
4_22_12 8, 16, 4, 12
2_13_14 11, 3
1_2_22 8
7_17_18 10, 2, 6, 14, 11, 3, 7
7_24_10 7, 15, 3, 11, 12, 4, 8
7_6_06 5, 13, 1, 9, 2, 10, 14
7_27_18 12, 4, 8, 16, 5, 13, 1
3_30_20 10, 2, 6
4_31_18 13, 5, 9, 1
8_20_14 8, 16, 4, 12, 9, 1, 5, 13
1_16_18 1
3_19_20 11, 3, 15
7_15_14 11, 3, 7, 15, 16, 8, 12
2_12_10 4, 12
6_11_10 8, 16, 4, 12, 9, 1
5_20_04 3, 11, 15, 7, 8
6_15_18 13, 5, 9, 1, 10, 2
4_1_16 9, 1, 5, 13
5_16_12 10, 2, 6, 14, 11
3_28_04 1, 9, 5
5_22_02 3, 11, 15, 7, 16
5_20_12 7, 15, 3, 11, 12
8_11_10 8, 16, 4, 12, 9, 1, 5, 13
2_12_02 16, 8
8_27_14 10, 2, 6, 14, 11, 3, 7, 15
3_24_12 4, 12, 8
6_30_22 15, 7, 11, 3, 8, 16
3_10_22 10, 2, 6
3_5_00 2, 10, 14
5_15_02 5, 13, 1, 9, 10
7_31_02 5, 13, 1, 9, 10, 2, 6
6_25_00 3, 11, 15, 7, 4, 12
3_2_08 1, 9, 13
6_6_22 13, 5, 9, 1, 10, 2
7_9_06 6, 14, 2, 10, 7, 15, 3
6_1_08 5, 13, 1, 9, 6, 14
4_10_02 4, 12, 16, 8
2_29_08 8, 16
6_25_22 14, 6, 10, 2, 15, 7
3_6_04 16, 8, 12
3_19_20 11, 3, 15
5_9_16 11, 3, 7, 15, 12
2_24_20 8, 16
6_16_18 13, 5, 9, 1, 6, 14
6_8_08 6, 14, 2, 10, 3, 11
7_26_04 5, 13, 1, 9, 2, 10, 14
7_5_14 9, 1, 5, 13, 10, 2, 6
5_1_00 1, 9, 13, 5, 2
5_19_14 8, 16, 4, 12, 1
8_28_16 11, 3, 7, 15, 12, 4, 8, 16
1_17_04 3
7_7_08 6, 14, 2, 10, 15, 7, 11
3_20_12 3, 11, 7
3_11_18 12, 4, 16
6_5_18 11, 3, 7, 15, 12, 4
8_3_08 5, 13, 1, 9, 6, 14, 2, 10
8_23_18 11, 3, 7, 15, 12, 4, 8, 16
2_15_06 7, 15
7_3_16 9, 1, 5, 13, 2, 10, 14
7_8_16 10, 2, 6, 14, 15, 7, 11
8_4_14 8, 16, 4, 12, 9, 1, 5, 13
7_5_16 10, 2, 6, 14, 11, 3, 7
4_1_08 5, 13, 1, 9
1_30_18 9
4_31_18 13, 5, 9, 1
4_22_04 4, 12, 16, 8
5_8_12 8, 16, 4, 12, 13
4_21_20 12, 4, 8, 16
7_20_00 1, 9, 13, 5, 6, 14, 2
3_10_06 2, 10, 14
2_14_16 8, 16
8_9_12 9, 1, 5, 13, 10, 2, 6, 14
8_12_10 8, 16, 4, 12, 9, 1, 5, 13
1_25_16 11
6_29_02 5, 13, 1, 9, 2, 10
5_14_00 4, 12, 16, 8, 13
5_4_16 9, 1, 5, 13, 14
3_14_16 8, 16, 4
8_21_02 3, 11, 15, 7, 4, 12, 16, 8
4_18_00 1, 9, 13, 5
8_15_08 8, 16, 4, 12, 5, 13, 1, 9
1_9_12 9
4_8_22 13, 5, 9, 1
8_22_18 11, 3, 7, 15, 12, 4, 8, 16
5_24_02 3, 11, 15, 7, 8
7_27_12 9, 1, 5, 13, 2, 10, 14
4_19_06 4, 12, 16, 8
8_27_14 10, 2, 6, 14, 11, 3, 7, 15
5_20_18 10, 2, 6, 14, 15
4_18_10 6, 14, 2, 10
6_15_22 15, 7, 11, 3, 12, 4
5_26_06 6, 14, 2, 10, 3
2_8_00 14, 6
4_19_10 6, 14, 2, 10
6_18_10 6, 14, 2, 10, 3, 11
6_6_04 4, 12, 16, 8, 1, 9
4_19_06 4, 12, 16, 8
3_21_14 9, 1, 5
6_9_08 7, 15, 3, 11, 8, 16
8_4_04 3, 11, 15, 7, 4, 12, 16, 8
1_7_06 13
1_26_10 4
6_18_04 3, 11, 15, 7, 16, 8
1_6_00 14
4_26_02 4, 12, 16, 8
6_14_14 11, 3, 7, 15, 4, 12
6_25_14 10, 2, 6, 14, 11, 3
8_16_12 10, 2, 6, 14, 7, 15, 3, 11
3_30_04 2, 10, 14
1_20_18 14
3_1_06 4, 12, 16
