8_8_04 4, 12, 16, 8, 5, 13, 1, 9
6_1_02 2, 10, 14, 6, 3, 11
7_23_22 13, 5, 9, 1, 6, 14, 2
1_14_02 1
3_2_06 16, 8, 12
3_5_22 13, 5, 9
6_25_22 14, 6, 10, 2, 15, 7
5_5_06 5, 13, 1, 9, 6
7_6_00 2, 10, 14, 6, 15, 7, 11
7_14_16 12, 4, 8, 16, 5, 13, 1
5_3_10 6, 14, 2, 10, 15
8_13_16 12, 4, 8, 16, 9, 1, 5, 13
4_10_20 13, 5, 9, 1
5_29_12 10, 2, 6, 14, 7
8_17_08 5, 13, 1, 9, 6, 14, 2, 10
6_16_08 8, 16, 4, 12, 1, 9
1_13_12 10
1_29_02 5
3_7_06 5, 13, 9
8_12_20 13, 5, 9, 1, 14, 6, 10, 2
6_2_22 12, 4, 8, 16, 9, 1
5_8_16 10, 2, 6, 14, 15
6_15_20 14, 6, 10, 2, 11, 3
4_15_04 6, 14, 2, 10
8_2_04 3, 11, 15, 7, 4, 12, 16, 8
2_19_06 4, 12
5_23_10 7, 15, 3, 11, 16
8_8_10 7, 15, 3, 11, 8, 16, 4, 12
7_27_10 8, 16, 4, 12, 1, 9, 13
4_14_10 9, 1, 5, 13
6_30_22 15, 7, 11, 3, 8, 16
5_2_12 7, 15, 3, 11, 4
5_28_20 13, 5, 9, 1, 2
4_20_20 11, 3, 7, 15
1_27_04 13
7_27_06 6, 14, 2, 10, 15, 7, 11
1_31_04 14
2_29_18 13, 5
8_11_08 7, 15, 3, 11, 8, 16, 4, 12
5_30_22 15, 7, 11, 3, 8
6_27_04 5, 13, 1, 9, 6, 14
4_4_22 12, 4, 8, 16
7_23_12 8, 16, 4, 12, 1, 9, 13
6_12_16 11, 3, 7, 15, 8, 16
5_9_14 10, 2, 6, 14, 11
3_19_02 2, 10, 6
8_27_14 10, 2, 6, 14, 11, 3, 7, 15
3_17_00 1, 9, 13
1_30_08 4
4_7_08 6, 14, 2, 10
5_29_14 11, 3, 7, 15, 8
5_5_12 8, 16, 4, 12, 9
3_28_08 3, 11, 7
2_24_22 9, 1
6_31_04 6, 14, 2, 10, 3, 11
5_29_04 6, 14, 2, 10, 3
4_5_08 6, 14, 2, 10
2_11_20 13, 5
4_3_00 1, 9, 13, 5
6_24_14 9, 1, 5, 13, 6, 14
7_26_08 7, 15, 3, 11, 4, 12, 16
5_13_08 8, 16, 4, 12, 5
5_14_14 11, 3, 7, 15, 4
1_18_08 1
6_19_12 7, 15, 3, 11, 8, 16
7_1_02 2, 10, 14, 6, 3, 11, 15
3_9_04 5, 13, 1
1_12_10 12
4_2_22 12, 4, 8, 16
1_24_00 6
7_19_06 4, 12, 16, 8, 13, 5, 9
8_22_22 13, 5, 9, 1, 14, 6, 10, 2
4_4_00 1, 9, 13, 5
2_11_22 14, 6
3_9_12 9, 1, 5
2_27_12 9, 1
8_26_08 7, 15, 3, 11, 8, 16, 4, 12
6_27_10 8, 16, 4, 12, 9, 1
6_2_22 12, 4, 8, 16, 9, 1
6_26_10 8, 16, 4, 12, 5, 13
3_18_22 8, 16, 4
6_17_02 2, 10, 14, 6, 3, 11
5_7_18 11, 3, 7, 15, 4
1_17_04 3
6_27_12 9, 1, 5, 13, 10, 2
3_16_08 4, 12, 8
7_27_14 10, 2, 6, 14, 3, 11, 15
1_2_18 6
2_3_02 2, 10
1_11_00 11
2_13_08 8, 16
1_13_02 5
8_10_18 12, 4, 8, 16, 13, 5, 9, 1
4_14_10 9, 1, 5, 13
7_22_04 4, 12, 16, 8, 1, 9, 13
1_3_10 14
1_22_14 5
7_18_00 1, 9, 13, 5, 14, 6, 10
8_6_20 12, 4, 8, 16, 13, 5, 9, 1
5_10_10 8, 16, 4, 12, 5
8_18_04 3, 11, 15, 7, 4, 12, 16, 8
1_16_00 8
4_12_14 10, 2, 6, 14
4_28_02 4, 12, 16, 8
2_20_18 6, 14
3_10_22 10, 2, 6
7_6_20 12, 4, 8, 16, 9, 1, 5
2_6_04 16, 8
5_18_12 7, 15, 3, 11, 4
7_20_06 4, 12, 16, 8, 9, 1, 5
6_27_08 7, 15, 3, 11, 8, 16
6_1_16 9, 1, 5, 13, 10, 2
3_16_08 4, 12, 8
5_29_16 12, 4, 8, 16, 9
1_31_00 12
1_31_10 1
3_2_10 2, 10, 14
2_23_04 4, 12
3_21_08 6, 14, 2
5_29_02 5, 13, 1, 9, 2
5_29_06 7, 15, 3, 11, 4
7_29_16 12, 4, 8, 16, 9, 1, 5
3_9_14 10, 2, 6
6_29_20 14, 6, 10, 2, 11, 3
5_20_20 11, 3, 7, 15, 16
2_24_22 9, 1
3_7_02 3, 11, 7
7_2_16 9, 1, 5, 13, 6, 14, 2
3_6_12 4, 12, 16
5_1_22 12, 4, 8, 16, 13
4_8_00 2, 10, 14, 6
6_22_00 2, 10, 14, 6, 15, 7
8_7_02 3, 11, 15, 7, 4, 12, 16, 8
1_4_20 15
1_23_14 1
7_20_00 1, 9, 13, 5, 6, 14, 2
4_11_20 13, 5, 9, 1
5_21_00 2, 10, 14, 6, 3
2_29_18 13, 5
2_9_14 10, 2
5_8_16 10, 2, 6, 14, 15
6_19_22 12, 4, 8, 16, 13, 5
2_4_16 5, 13
2_8_14 5, 13
4_30_02 5, 13, 1, 9
2_24_06 1, 9
8_31_06 7, 15, 3, 11, 4, 12, 16, 8
4_31_18 13, 5, 9, 1
4_15_16 12, 4, 8, 16
8_29_22 15, 7, 11, 3, 12, 4, 8, 16
6_9_08 7, 15, 3, 11, 8, 16
8_10_22 14, 6, 10, 2, 15, 7, 11, 3
8_14_08 8, 16, 4, 12, 5, 13, 1, 9
2_30_00 16, 8
5_8_12 8, 16, 4, 12, 13
5_13_08 8, 16, 4, 12, 5
8_11_04 5, 13, 1, 9, 6, 14, 2, 10
3_11_10 8, 16, 12
2_20_06 16, 8
1_11_18 4
7_8_18 11, 3, 7, 15, 16, 8, 12
4_31_22 15, 7, 11, 3
2_24_02 15, 7
4_14_10 9, 1, 5, 13
3_29_04 6, 14, 2
2_28_16 7, 15
2_5_22 13, 5
6_6_18 11, 3, 7, 15, 8, 16
2_17_10 6, 14
4_10_22 14, 6, 10, 2
1_12_16 15
5_25_20 13, 5, 9, 1, 14
2_10_02 16, 8
1_16_00 8
7_24_10 7, 15, 3, 11, 12, 4, 8
7_4_18 10, 2, 6, 14, 15, 7, 11
5_6_16 10, 2, 6, 14, 7
4_15_18 13, 5, 9, 1
1_19_00 9
5_1_04 3, 11, 15, 7, 4
8_11_14 10, 2, 6, 14, 11, 3, 7, 15
1_19_14 16
1_5_06 5
8_21_14 9, 1, 5, 13, 10, 2, 6, 14
4_8_20 12, 4, 8, 16
6_30_00 4, 12, 16, 8, 13, 5
2_1_08 5, 13
7_10_02 4, 12, 16, 8, 1, 9, 13
2_30_00 16, 8
2_2_00 13, 5
1_17_12 7
1_12_06 10
8_12_06 6, 14, 2, 10, 7, 15, 3, 11
7_14_10 9, 1, 5, 13, 2, 10, 14
3_13_08 8, 16, 4
5_28_00 3, 11, 15, 7, 8
2_7_22 13, 5
8_30_08 8, 16, 4, 12, 5, 13, 1, 9
4_27_20 13, 5, 9, 1
5_1_04 3, 11, 15, 7, 4
2_19_22 12, 4
1_14_18 9
3_19_18 10, 2, 14
3_14_10 5, 13, 1
2_29_02 5, 13
5_12_22 14, 6, 10, 2, 3
8_25_06 6, 14, 2, 10, 7, 15, 3, 11
3_8_12 4, 12, 8
4_11_22 14, 6, 10, 2
6_27_08 7, 15, 3, 11, 8, 16
7_9_02 4, 12, 16, 8, 5, 13, 1
3_7_12 8, 16, 12
7_12_20 13, 5, 9, 1, 2, 10, 14
3_23_18 11, 3, 15
1_4_08 9
2_21_02 3, 11
3_31_10 9, 1, 13
8_13_02 5, 13, 1, 9, 2, 10, 14, 6
8_10_14 10, 2, 6, 14, 11, 3, 7, 15
6_22_00 2, 10, 14, 6, 15, 7
5_5_14 9, 1, 5, 13, 10
5_25_16 11, 3, 7, 15, 12
1_10_20 9
3_9_14 10, 2, 6
4_3_02 2, 10, 14, 6
4_2_06 4, 12, 16, 8
2_27_18 12, 4
8_6_04 4, 12, 16, 8, 5, 13, 1, 9
6_4_08 5, 13, 1, 9, 2, 10
5_23_20 12, 4, 8, 16, 5
3_20_00 13, 5, 1
4_15_04 6, 14, 2, 10
6_3_02 2, 10, 14, 6, 3, 11
7_3_12 7, 15, 3, 11, 16, 8, 12
4_31_04 6, 14, 2, 10
8_5_08 6, 14, 2, 10, 7, 15, 3, 11
4_5_12 8, 16, 4, 12
5_14_08 8, 16, 4, 12, 1
4_22_08 6, 14, 2, 10
7_10_02 4, 12, 16, 8, 1, 9, 13
5_17_10 6, 14, 2, 10, 7
3_15_16 12, 4, 16
4_20_14 8, 16, 4, 12
8_13_02 5, 13, 1, 9, 2, 10, 14, 6
7_1_08 5, 13, 1, 9, 6, 14, 2
6_24_04 4, 12, 16, 8, 1, 9
1_9_22 14
2_22_02 15, 7
4_15_18 13, 5, 9, 1
7_7_08 6, 14, 2, 10, 15, 7, 11
8_21_16 10, 2, 6, 14, 11, 3, 7, 15
8_13_18 13, 5, 9, 1, 10, 2, 6, 14
3_10_00 15, 7, 11
1_3_04 11
7_24_00 2, 10, 14, 6, 7, 15, 3
6_6_02 3, 11, 15, 7, 16, 8
5_11_08 7, 15, 3, 11, 16
4_11_20 13, 5, 9, 1
1_15_06 15
4_17_12 7, 15, 3, 11
4_12_16 11, 3, 7, 15
3_15_14 11, 3, 15
5_22_14 9, 1, 5, 13, 6
7_21_20 12, 4, 8, 16, 13, 5, 9
7_9_22 14, 6, 10, 2, 15, 7, 11
2_6_12 4, 12
4_24_06 5, 13, 1, 9
3_1_12 7, 15, 3
5_14_22 15, 7, 11, 3, 8
5_10_18 12, 4, 8, 16, 9
1_22_20 8
1_26_08 3
1_6_10 3
1_28_00 7
3_21_12 8, 16, 4
1_24_14 13
1_10_06 2
7_18_12 7, 15, 3, 11, 4, 12, 16
6_31_16 12, 4, 8, 16, 9, 1
1_14_02 1
4_17_16 9, 1, 5, 13
3_11_18 12, 4, 16
1_9_18 12
6_31_08 8, 16, 4, 12, 5, 13
7_1_02 2, 10, 14, 6, 3, 11, 15
4_31_08 8, 16, 12
5_19_12 7, 15, 3, 11, 16
8_14_14 11, 3, 7, 15, 8, 16, 4, 12
5_7_16 10, 2, 6, 14, 3
2_15_02 5, 13
4_12_12 9, 1, 5, 13
6_21_06 5, 13, 1, 9, 6, 14
6_28_00 3, 11, 15, 7, 16, 8
8_7_08 6, 14, 2, 10, 7, 15, 3, 11
1_3_14 16
4_11_06 6, 14, 2, 10
1_19_02 10
2_12_16 7, 15
3_5_04 4, 12, 16
3_21_22 13, 5, 9
1_5_10 7
5_11_16 11, 3, 7, 15, 4
6_24_06 5, 13, 1, 9, 2, 10
2_25_00 3, 11
4_17_20 11, 3, 7, 15
5_29_02 5, 13, 1, 9, 2
4_25_14 10, 2, 6, 14
6_10_14 10, 2, 6, 14, 7, 15
4_3_10 6, 14, 2, 10
3_10_16 7, 15, 3
3_10_16 7, 15, 3
6_2_02 2, 10, 14, 6, 15, 7
3_2_10 2, 10, 14
7_21_14 9, 1, 5, 13, 10, 2, 6
5_13_18 13, 5, 9, 1, 10
6_22_02 3, 11, 15, 7, 16, 8
1_21_16 10
2_27_06 6, 14
4_24_12 8, 16, 4, 12
8_26_16 11, 3, 7, 15, 12, 4, 8, 16
3_8_14 5, 13, 9
8_12_10 8, 16, 4, 12, 9, 1, 5, 13
4_26_04 5, 13, 1, 9
2_6_12 4, 12
3_29_04 6, 14, 2
4_22_16 10, 2, 6, 14
4_20_08 5, 13, 1, 9
3_29_06 7, 15, 3
1_26_14 6
8_22_02 3, 11, 15, 7, 4, 12, 16, 8
4_4_12 7, 15, 3, 11
8_13_18 13, 5, 9, 1, 10, 2, 6, 14
6_20_18 10, 2, 6, 14, 7, 15
5_29_08 8, 16, 4, 12, 5
2_31_08 8, 16
5_4_10 6, 14, 2, 10, 11
6_21_20 12, 4, 8, 16, 13, 5
7_12_10 8, 16, 4, 12, 13, 5, 9
7_20_06 4, 12, 16, 8, 9, 1, 5
4_7_02 3, 11, 15, 7
4_16_02 5, 13, 1, 9
3_30_14 7, 15, 3
3_30_16 8, 16, 4
7_1_12 7, 15, 3, 11, 8, 16, 4
1_6_00 14
4_20_08 5, 13, 1, 9
5_17_20 11, 3, 7, 15, 12
5_23_00 2, 10, 14, 6, 11
3_3_06 4, 12, 8
7_25_02 4, 12, 16, 8, 5, 13, 1
1_18_02 14
5_7_02 3, 11, 15, 7, 12
5_8_20 12, 4, 8, 16, 1
2_26_10 4, 12
8_12_06 6, 14, 2, 10, 7, 15, 3, 11
7_11_20 13, 5, 9, 1, 6, 14, 2
8_3_02 2, 10, 14, 6, 3, 11, 15, 7
7_26_12 9, 1, 5, 13, 6, 14, 2
8_24_10 7, 15, 3, 11, 8, 16, 4, 12
5_2_08 5, 13, 1, 9, 2
3_12_02 16, 8, 4
5_28_10 8, 16, 4, 12, 13
8_10_08 7, 15, 3, 11, 8, 16, 4, 12
2_28_10 4, 12
7_15_08 8, 16, 4, 12, 13, 5, 9
1_13_02 5
1_15_00 12
8_10_06 6, 14, 2, 10, 7, 15, 3, 11
2_1_16 9, 1
3_24_00 14, 6, 2
2_1_00 1, 9
5_16_16 12, 4, 8, 16, 13
1_24_10 11
4_18_08 5, 13, 1, 9
7_24_06 5, 13, 1, 9, 10, 2, 6
7_23_12 8, 16, 4, 12, 1, 9, 13
3_19_22 12, 4, 16
1_31_02 13
3_26_16 7, 15, 3
7_6_04 4, 12, 16, 8, 1, 9, 13
4_29_20 14, 6, 10, 2
1_11_04 13
2_19_18 10, 2
5_29_12 10, 2, 6, 14, 7
1_24_16 14
7_19_14 8, 16, 4, 12, 1, 9, 13
8_3_08 5, 13, 1, 9, 6, 14, 2, 10
4_24_08 6, 14, 2, 10
5_7_00 2, 10, 14, 6, 11
7_27_08 7, 15, 3, 11, 16, 8, 12
4_8_04 4, 12, 16, 8
7_9_10 8, 16, 4, 12, 9, 1, 5
8_11_20 13, 5, 9, 1, 14, 6, 10, 2
2_26_10 4, 12
2_19_10 6, 14
5_16_20 14, 6, 10, 2, 15
8_9_20 13, 5, 9, 1, 14, 6, 10, 2
5_20_06 4, 12, 16, 8, 9
7_17_20 11, 3, 7, 15, 12, 4, 8
2_13_08 8, 16
5_10_04 5, 13, 1, 9, 2
7_28_04 5, 13, 1, 9, 10, 2, 6
4_15_16 12, 4, 8, 16
6_5_20 12, 4, 8, 16, 13, 5
5_29_00 4, 12, 16, 8, 1
4_1_22 12, 4, 8, 16
8_10_14 10, 2, 6, 14, 11, 3, 7, 15
6_17_10 6, 14, 2, 10, 7, 15
2_29_18 13, 5
3_13_06 7, 15, 3
6_19_18 10, 2, 6, 14, 11, 3
3_15_18 13, 5, 1
7_16_08 8, 16, 4, 12, 9, 1, 5
3_22_06 1, 9, 13
7_12_02 4, 12, 16, 8, 9, 1, 5
7_13_12 10, 2, 6, 14, 7, 15, 3
1_15_04 14
2_27_12 9, 1
6_4_16 9, 1, 5, 13, 6, 14
1_4_20 15
2_11_06 6, 14
5_27_16 11, 3, 7, 15, 4
7_14_10 9, 1, 5, 13, 2, 10, 14
2_17_08 5, 13
7_22_08 6, 14, 2, 10, 3, 11, 15
4_31_02 5, 13, 1, 9
5_3_16 9, 1, 5, 13, 2
3_14_12 6, 14, 2
3_11_02 4, 12, 8
4_9_10 8, 16, 4, 12
5_30_06 7, 15, 3, 11, 16
8_4_10 6, 14, 2, 10, 7, 15, 3, 11
6_3_06 4, 12, 16, 8, 5, 13
5_31_20 14, 6, 10, 2, 3
5_17_20 11, 3, 7, 15, 12
5_15_08 8, 16, 4, 12, 13
8_13_04 6, 14, 2, 10, 3, 11, 15, 7
4_19_18 10, 2, 6, 14
4_5_12 8, 16, 4, 12
4_18_18 10, 2, 6, 14
3_10_00 15, 7, 11
4_5_00 2, 10, 14, 6
1_12_08 11
5_19_02 2, 10, 14, 6, 11
4_3_10 6, 14, 2, 10
4_29_04 6, 14, 2, 10
4_16_06 7, 15, 3, 11
1_14_02 1
3_24_22 9, 1, 13
5_30_08 8, 16, 4, 12, 1
2_31_08 8, 16
2_14_16 8, 16
8_21_18 11, 3, 7, 15, 12, 4, 8, 16
1_4_06 8
4_7_20 12, 4, 8, 16
4_25_08 7, 15, 3, 11
2_22_12 4, 12
3_25_12 9, 1, 5
4_7_08 6, 14, 2, 10
1_13_06 7
4_20_10 6, 14, 2, 10
6_26_08 7, 15, 3, 11, 4, 12
8_17_22 12, 4, 8, 16, 13, 5, 9, 1
8_28_16 11, 3, 7, 15, 12, 4, 8, 16
3_7_16 10, 2, 14
8_13_06 7, 15, 3, 11, 4, 12, 16, 8
2_11_10 8, 16
6_10_02 4, 12, 16, 8, 1, 9
2_26_12 5, 13
3_12_10 4, 12, 8
2_6_06 1, 9
6_22_06 5, 13, 1, 9, 2, 10
3_29_12 10, 2, 6
7_29_22 15, 7, 11, 3, 12, 4, 8
1_22_12 4
6_13_12 10, 2, 6, 14, 7, 15
6_24_08 6, 14, 2, 10, 3, 11
4_26_08 7, 15, 3, 11
3_27_18 12, 4, 16
6_11_12 9, 1, 5, 13, 10, 2
8_13_22 15, 7, 11, 3, 12, 4, 8, 16
5_1_22 12, 4, 8, 16, 13
4_1_18 10, 2, 6, 14
5_29_20 14, 6, 10, 2, 11
5_28_16 11, 3, 7, 15, 16
2_14_04 2, 10
6_1_00 1, 9, 13, 5, 2, 10
7_13_18 13, 5, 9, 1, 10, 2, 6
3_14_12 6, 14, 2
6_11_14 10, 2, 6, 14, 11, 3
7_19_18 10, 2, 6, 14, 3, 11, 15
5_28_08 7, 15, 3, 11, 12
2_21_12 8, 16
4_11_02 4, 12, 16, 8
2_12_02 16, 8
6_24_12 8, 16, 4, 12, 5, 13
8_14_22 15, 7, 11, 3, 12, 4, 8, 16
4_6_04 4, 12, 16, 8
8_23_22 13, 5, 9, 1, 14, 6, 10, 2
1_5_12 8
3_9_22 14, 6, 10
4_3_04 3, 11, 15, 7
7_28_16 11, 3, 7, 15, 16, 8, 12
6_15_12 10, 2, 6, 14, 7, 15
7_28_12 9, 1, 5, 13, 14, 6, 10
4_9_00 3, 11, 15, 7
3_5_00 2, 10, 14
3_22_22 9, 1, 5
8_1_00 1, 9, 13, 5, 2, 10, 14, 6
2_2_14 4, 12
7_28_08 7, 15, 3, 11, 12, 4, 8
1_9_04 5
7_8_20 12, 4, 8, 16, 1, 9, 13
8_4_22 12, 4, 8, 16, 13, 5, 9, 1
8_20_10 6, 14, 2, 10, 7, 15, 3, 11
4_19_08 5, 13, 1, 9
6_23_18 11, 3, 7, 15, 12, 4
2_6_02 15, 7
3_4_22 8, 16, 12
2_4_20 7, 15
5_2_04 3, 11, 15, 7, 16
7_16_02 5, 13, 1, 9, 6, 14, 2
4_15_02 5, 13, 1, 9
1_21_08 6
3_16_22 11, 3, 15
1_26_12 5
8_4_12 7, 15, 3, 11, 8, 16, 4, 12
6_28_10 8, 16, 4, 12, 5, 13
7_21_20 12, 4, 8, 16, 13, 5, 9
4_24_10 7, 15, 3, 11
7_28_14 10, 2, 6, 14, 15, 7, 11
8_23_04 4, 12, 16, 8, 5, 13, 1, 9
5_7_22 13, 5, 9, 1, 6
4_5_00 2, 10, 14, 6
7_20_06 4, 12, 16, 8, 9, 1, 5
7_7_06 5, 13, 1, 9, 14, 6, 10
7_23_12 8, 16, 4, 12, 1, 9, 13
1_2_08 1
4_12_12 9, 1, 5, 13
6_23_06 5, 13, 1, 9, 6, 14
7_11_02 4, 12, 16, 8, 13, 5, 9
8_22_08 6, 14, 2, 10, 7, 15, 3, 11
5_13_02 5, 13, 1, 9, 2
3_9_20 13, 5, 9
5_10_12 9, 1, 5, 13, 6
3_30_00 16, 8, 12
8_11_06 6, 14, 2, 10, 7, 15, 3, 11
2_2_22 8, 16
1_15_10 1
7_6_00 2, 10, 14, 6, 15, 7, 11
2_22_22 9, 1
8_28_02 4, 12, 16, 8, 5, 13, 1, 9
8_12_16 11, 3, 7, 15, 12, 4, 8, 16
6_5_06 5, 13, 1, 9, 6, 14
3_5_06 5, 13, 1
5_5_08 6, 14, 2, 10, 7
5_31_08 8, 16, 4, 12, 13
7_25_10 8, 16, 4, 12, 9, 1, 5
8_30_10 9, 1, 5, 13, 6, 14, 2, 10
6_3_14 8, 16, 4, 12, 9, 1
8_1_08 5, 13, 1, 9, 6, 14, 2, 10
1_18_10 2
5_18_14 8, 16, 4, 12, 5
7_11_02 4, 12, 16, 8, 13, 5, 9
3_25_10 8, 16, 4
5_21_14 9, 1, 5, 13, 10
2_23_06 5, 13
5_19_06 4, 12, 16, 8, 13
1_3_08 13
6_23_04 4, 12, 16, 8, 5, 13
3_7_00 2, 10, 6
4_3_06 4, 12, 16, 8
7_17_20 11, 3, 7, 15, 12, 4, 8
2_23_06 5, 13
4_26_04 5, 13, 1, 9
1_14_00 16
3_18_08 1, 9, 13
8_1_16 9, 1, 5, 13, 10, 2, 6, 14
6_24_12 8, 16, 4, 12, 5, 13
3_9_02 4, 12, 16
4_15_10 9, 1, 5, 13
6_12_00 3, 11, 15, 7, 16, 8
8_28_16 11, 3, 7, 15, 12, 4, 8, 16
2_11_02 4, 12
1_30_20 10
5_5_14 9, 1, 5, 13, 10
5_6_18 11, 3, 7, 15, 8
8_24_02 3, 11, 15, 7, 4, 12, 16, 8
7_15_02 5, 13, 1, 9, 10, 2, 6
8_18_08 5, 13, 1, 9, 6, 14, 2, 10
3_4_04 15, 7, 3
6_27_08 7, 15, 3, 11, 8, 16
8_11_02 4, 12, 16, 8, 5, 13, 1, 9
5_25_20 13, 5, 9, 1, 14
2_2_02 14, 6
2_3_04 3, 11
2_7_08 6, 14
2_15_20 14, 6
2_31_18 13, 5
3_19_18 10, 2, 14
5_27_00 3, 11, 15, 7, 12
3_15_22 15, 7, 3
6_8_10 7, 15, 3, 11, 4, 12
1_23_08 14
1_25_04 5
6_29_14 11, 3, 7, 15, 8, 16
8_14_18 13, 5, 9, 1, 10, 2, 6, 14
2_10_00 15, 7
1_8_12 12
4_30_22 15, 7, 11, 3
6_31_20 14, 6, 10, 2, 11, 3
6_5_02 3, 11, 15, 7, 4, 12
4_24_14 9, 1, 5, 13
8_28_00 3, 11, 15, 7, 4, 12, 16, 8
2_30_04 2, 10
1_20_22 16
8_2_14 8, 16, 4, 12, 9, 1, 5, 13
5_24_18 11, 3, 7, 15, 16
8_10_12 9, 1, 5, 13, 10, 2, 6, 14
6_8_02 3, 11, 15, 7, 16, 8
7_14_20 14, 6, 10, 2, 7, 15, 3
4_4_02 2, 10, 14, 6
4_11_10 8, 16, 4, 12
2_13_04 6, 14
6_4_12 7, 15, 3, 11, 4, 12
5_26_00 3, 11, 15, 7, 16
4_3_04 3, 11, 15, 7
8_12_16 11, 3, 7, 15, 12, 4, 8, 16
5_31_06 7, 15, 3, 11, 12
3_9_08 7, 15, 3
2_5_22 13, 5
1_11_10 16
1_23_06 13
2_3_16 9, 1
4_15_14 11, 3, 7, 15
8_26_12 9, 1, 5, 13, 10, 2, 6, 14
1_18_08 1
8_22_12 8, 16, 4, 12, 9, 1, 5, 13
2_7_16 10, 2
4_3_08 5, 13, 1, 9
2_11_06 6, 14
4_18_10 6, 14, 2, 10
7_4_08 5, 13, 1, 9, 10, 2, 6
3_24_16 6, 14, 10
1_11_20 5
4_15_08 8, 16, 12
2_27_20 13, 5
1_9_18 12
8_18_08 5, 13, 1, 9, 6, 14, 2, 10
7_26_14 10, 2, 6, 14, 7, 15, 3
2_25_20 13, 5
2_25_04 5, 13
6_4_16 9, 1, 5, 13, 6, 14
8_16_10 9, 1, 5, 13, 6, 14, 2, 10
7_13_22 15, 7, 11, 3, 12, 4, 8
6_30_02 5, 13, 1, 9, 14, 6
6_20_22 12, 4, 8, 16, 9, 1
6_3_14 8, 16, 4, 12, 9, 1
5_19_14 8, 16, 4, 12, 1
5_28_20 13, 5, 9, 1, 2
5_10_02 4, 12, 16, 8, 1
6_25_20 13, 5, 9, 1, 14, 6
4_9_18 12, 4, 8, 16
6_26_12 9, 1, 5, 13, 6, 14
3_31_20 14, 6, 2
6_11_22 14, 6, 10, 2, 15, 7
3_14_12 6, 14, 2
1_18_18 6
3_18_10 2, 10, 14
5_27_02 4, 12, 16, 8, 13
3_26_08 3, 11, 15
4_3_10 6, 14, 2, 10
3_16_22 11, 3, 15
3_29_16 12, 4, 8
7_28_16 11, 3, 7, 15, 16, 8, 12
5_13_12 10, 2, 6, 14, 7
4_17_04 3, 11, 15, 7
6_8_02 3, 11, 15, 7, 16, 8
4_12_02 4, 12, 16, 8
3_12_12 5, 13, 9
2_18_14 4, 12
8_3_08 5, 13, 1, 9, 6, 14, 2, 10
1_27_00 11
4_8_00 2, 10, 14, 6
8_12_02 4, 12, 16, 8, 5, 13, 1, 9
6_9_18 12, 4, 8, 16, 13, 5
7_30_08 8, 16, 4, 12, 1, 9, 13
5_18_20 11, 3, 7, 15, 8
1_9_10 8
5_31_12 10, 2, 6, 14, 15
8_31_20 14, 6, 10, 2, 11, 3, 7, 15
3_10_04 1, 9, 13
1_29_02 5
3_22_22 9, 1, 5
5_15_16 12, 4, 8, 16, 1
7_16_06 7, 15, 3, 11, 8, 16, 4
1_15_02 13
4_30_22 15, 7, 11, 3
8_15_06 7, 15, 3, 11, 4, 12, 16, 8
8_2_12 7, 15, 3, 11, 8, 16, 4, 12
8_18_04 3, 11, 15, 7, 4, 12, 16, 8
7_17_10 6, 14, 2, 10, 7, 15, 3
4_19_10 6, 14, 2, 10
5_22_14 9, 1, 5, 13, 6
6_8_18 11, 3, 7, 15, 8, 16
1_6_16 6
2_19_12 7, 15
2_24_06 1, 9
2_8_18 7, 15
4_28_18 12, 4, 8, 16
8_30_18 13, 5, 9, 1, 10, 2, 6, 14
3_30_14 7, 15, 3
5_15_16 12, 4, 8, 16, 1
6_11_20 13, 5, 9, 1, 14, 6
3_24_08 2, 10, 6
1_5_20 12
3_31_12 10, 2, 14
4_27_08 7, 15, 3, 11
7_13_22 15, 7, 11, 3, 12, 4, 8
2_28_20 9, 1
5_11_10 8, 16, 4, 12, 1
3_30_02 1, 9, 13
2_17_00 1, 9
8_18_02 2, 10, 14, 6, 3, 11, 15, 7
7_14_04 6, 14, 2, 10, 15, 7, 11
7_6_00 2, 10, 14, 6, 15, 7, 11
1_14_04 2
7_17_00 1, 9, 13, 5, 2, 10, 14
1_4_14 12
4_10_18 12, 4, 8, 16
4_26_02 4, 12, 16, 8
6_28_12 9, 1, 5, 13, 6, 14
2_26_02 16, 8
4_31_06 7, 15, 3, 11
6_10_06 6, 14, 2, 10, 3, 11
5_14_04 6, 14, 2, 10, 15
3_10_18 8, 16, 4
7_22_22 13, 5, 9, 1, 10, 2, 6
2_23_02 3, 11
2_24_20 8, 16
4_3_08 5, 13, 1, 9
4_8_10 7, 15, 3, 11
3_15_10 9, 1, 13
2_16_12 6, 14
3_4_08 1, 9, 5
6_31_08 8, 16, 4, 12, 5, 13
7_31_12 10, 2, 6, 14, 15, 7, 11
3_17_20 11, 3, 7
3_12_22 10, 2, 14
1_15_22 7
4_28_06 6, 14, 2, 10
1_15_14 3
1_5_04 4
2_5_16 10, 2
4_19_14 8, 16, 4, 12
4_29_06 7, 15, 3, 11
3_7_12 8, 16, 12
6_22_00 2, 10, 14, 6, 15, 7
6_7_06 5, 13, 1, 9, 6, 14
5_9_08 7, 15, 3, 11, 8
3_31_16 12, 4, 16
2_7_10 7, 15
5_21_18 11, 3, 7, 15, 12
7_31_08 8, 16, 4, 12, 13, 5, 9
2_17_08 5, 13
3_16_06 3, 11, 7
4_4_20 11, 3, 7, 15
5_28_16 11, 3, 7, 15, 16
3_18_08 1, 9, 13
5_2_22 12, 4, 8, 16, 9
5_17_18 10, 2, 6, 14, 11
2_6_16 6, 14
2_1_20 11, 3
2_8_00 14, 6
8_2_06 4, 12, 16, 8, 5, 13, 1, 9
3_6_08 2, 10, 14
5_30_18 13, 5, 9, 1, 6
5_1_22 12, 4, 8, 16, 13
3_5_18 11, 3, 7
8_31_08 8, 16, 4, 12, 5, 13, 1, 9
3_8_02 15, 7, 3
2_12_20 9, 1
7_13_10 9, 1, 5, 13, 6, 14, 2
7_15_04 6, 14, 2, 10, 11, 3, 7
1_10_18 8
8_25_00 3, 11, 15, 7, 4, 12, 16, 8
2_17_12 7, 15
1_14_10 5
2_4_06 16, 8
1_7_02 11
5_28_04 5, 13, 1, 9, 10
2_21_18 11, 3
3_29_00 4,12, 16
4_8_12 8, 16, 4, 12
5_10_16 11, 3, 7, 15, 8
5_16_20 14, 6, 10, 2, 15
6_19_12 7, 15, 3, 11, 8, 16
5_16_10 9, 1, 5, 13, 10
1_12_10 12
2_15_14 11, 3
1_8_14 13
2_19_10 6, 14
5_3_10 6, 14, 2, 10, 15
5_1_00 1, 9, 13, 5, 2
6_21_10 7, 15, 3, 11, 8, 16
4_31_14 11, 3, 7, 15
7_7_12 8, 16, 4, 12, 1, 9, 13
3_25_18 12, 4, 8
6_11_20 13, 5, 9, 1, 14, 6
2_4_12 3, 11
3_11_12 9, 1, 13
5_17_04 3, 11, 15, 7, 4
1_16_06 11
7_4_20 11, 3, 7, 15, 16, 8, 12
7_9_02 4, 12, 16, 8, 5, 13, 1
3_31_12 10, 2, 14
3_29_12 10, 2, 6
7_21_22 13, 5, 9, 1, 14, 6, 10
7_17_16 9, 1, 5, 13, 10, 2, 6
5_23_00 2, 10, 14, 6, 11
2_18_00 13, 5
7_15_00 4, 12, 16, 8, 9, 1, 5
2_16_08 4, 12
8_22_08 6, 14, 2, 10, 7, 15, 3, 11
3_21_16 10, 2, 6
2_7_14 9, 1
7_9_00 3, 11, 15, 7, 4, 12, 16
5_27_12 9, 1, 5, 13, 2
4_22_02 3, 11, 15, 7
5_24_16 10, 2, 6, 14, 15
8_1_08 5, 13, 1, 9, 6, 14, 2, 10
1_19_14 16
4_11_16 11, 3, 7, 15
3_26_14 6, 14, 2
1_1_06 4
8_7_20 12, 4, 8, 16, 13, 5, 9, 1
4_28_02 4, 12, 16, 8
3_4_22 8, 16, 12
1_30_08 4
6_31_22 15, 7, 11, 3, 12, 4
3_1_02 2, 10, 14
6_5_06 5, 13, 1, 9, 6, 14
7_21_08 6, 14, 2, 10, 7, 15, 3
3_1_06 4, 12, 16
3_10_16 7, 15, 3
4_18_02 2, 10, 14, 6
1_4_04 7
4_7_00 2, 10, 14, 6
4_3_10 6, 14, 2, 10
2_15_22 15, 7
4_17_18 10, 2, 6, 14
3_7_12 8, 16, 12
7_3_10 6, 14, 2, 10, 15, 7, 11
2_19_08 5, 13
3_24_22 9, 1, 13
1_15_08 16
5_19_14 8, 16, 4, 12, 1
6_31_08 8, 16, 4, 12, 5, 13
7_29_16 12, 4, 8, 16, 9, 1, 5
7_25_06 6, 14, 2, 10, 7, 15, 3
3_29_12 10, 2, 6
5_18_04 3, 11, 15, 7, 16
4_31_12 10, 2, 6, 14
1_3_22 4
1_8_14 13
6_5_20 12, 4, 8, 16, 13, 5
5_29_06 7, 15, 3, 11, 4
4_9_02 4, 12, 16, 8
4_19_14 8, 16, 4, 12
1_19_08 13
1_16_04 10
5_12_08 7, 15, 3, 11, 12
7_15_02 5, 13, 1, 9, 10, 2, 6
2_19_02 2, 10
3_15_10 9, 1, 13
5_31_02 5, 13, 1, 9, 10
3_22_20 8, 16, 4
2_30_02 1, 9
1_16_20 2
1_1_00 1
1_9_06 6
8_2_14 8, 16, 4, 12, 9, 1, 5, 13
6_11_22 14, 6, 10, 2, 15, 7
8_1_10 6, 14, 2, 10, 7, 15, 3, 11
2_12_08 3, 11
5_2_20 11, 3, 7, 15, 8
7_28_02 4, 12, 16, 8, 9, 1, 5
5_15_16 12, 4, 8, 16, 1
5_3_00 1, 9, 13, 5, 10
7_29_04 6, 14, 2, 10, 3, 11, 15
5_8_06 5, 13, 1, 9, 10
1_2_14 4
8_2_08 5, 13, 1, 9, 6, 14, 2, 10
8_12_08 7, 15, 3, 11, 8, 16, 4, 12
2_8_08 2, 10
3_9_14 10, 2, 6
6_30_02 5, 13, 1, 9, 14, 6
3_30_10 5, 13, 1
6_26_14 10, 2, 6, 14, 7, 15
5_11_02 4, 12, 16, 8, 13
4_19_06 4, 12, 16, 8
6_28_20 13, 5, 9, 1, 10, 2
7_26_04 5, 13, 1, 9, 2, 10, 14
4_27_12 9, 1, 5, 13
4_23_10 7, 15, 3, 11
1_6_04 16
1_30_16 8
2_30_00 16, 8
6_19_12 7, 15, 3, 11, 8, 16
6_17_06 4, 12, 16, 8, 5, 13
5_24_06 5, 13, 1, 9, 10
8_18_14 8, 16, 4, 12, 9, 1, 5, 13
1_12_18 16
4_5_12 8, 16, 4, 12
4_10_16 11, 3, 7, 15
8_22_12 8, 16, 4, 12, 9, 1, 5, 13
8_9_14 10, 2, 6, 14, 11, 3, 7, 15
8_12_20 13, 5, 9, 1, 14, 6, 10, 2
1_14_00 16
5_12_16 11, 3, 7, 15, 16
1_3_12 15
1_27_20 5
3_3_20 11, 3, 15
2_7_20 12, 4
7_19_08 5, 13, 1, 9, 14, 6, 10
4_24_08 6, 14, 2, 10
7_17_04 3, 11, 15, 7, 4, 12, 16
5_1_22 12, 4, 8, 16, 13
5_9_08 7, 15, 3, 11, 8
3_20_20 7, 15, 11
7_18_12 7, 15, 3, 11, 4, 12, 16
2_10_20 9, 1
4_13_00 4,12, 16, 8
7_2_08 5, 13, 1, 9, 2, 10, 14
7_4_22 12, 4, 8, 16, 1, 9, 13
4_13_00 4,12, 16, 8
4_21_18 11, 3, 7, 15
4_10_12 9, 1, 5, 13
5_16_22 15, 7, 11, 3, 16
8_15_18 13, 5, 9, 1, 10, 2, 6, 14
6_22_18 11, 3, 7, 15, 8, 16
1_24_04 8
7_5_18 11, 3, 7, 15, 12, 4, 8
4_3_00 1, 9, 13, 5
3_31_04 6, 14, 10
3_28_06 2, 10, 6
7_4_22 12, 4, 8, 16, 1, 9, 13
5_25_00 3, 11, 15, 7, 4
4_4_16 9, 1, 5, 13
8_8_22 13, 5, 9, 1, 14, 6, 10, 2
8_27_10 8, 16, 4, 12, 9, 1, 5, 13
7_8_12 8, 16, 4, 12, 13, 5, 9
8_10_10 8, 16, 4, 12, 9, 1, 5, 13
2_25_08 7, 15
2_23_12 8, 16
5_5_20 12, 4, 8, 16, 13
2_10_08 3, 11
1_25_08 7
6_17_00 1, 9, 13, 5, 2, 10
6_16_12 10, 2, 6, 14, 3, 11
4_4_14 8, 16, 4, 12
6_13_08 8, 16, 4, 12, 5, 13
8_13_08 8, 16, 4, 12, 5, 13, 1, 9
2_29_12 10, 2
7_7_08 6, 14, 2, 10, 15, 7, 11
3_22_10 3, 11, 15
4_16_00 4,12, 16, 8
1_5_16 10
7_8_06 5, 13, 1, 9, 10, 2, 6
1_31_16 4
3_11_06 6, 14, 10
3_7_12 8, 16, 12
8_30_22 15, 7, 11, 3, 12, 4, 8, 16
1_15_04 14
2_29_18 13, 5
3_1_04 3, 11, 15
1_30_16 8
3_30_06 3, 11, 15
8_25_12 9, 1, 5, 13, 10, 2, 6, 14
2_6_14 5, 13
6_20_06 4, 12, 16, 8, 1, 9
1_10_08 3
7_26_22 14, 6, 10, 2, 11, 3, 7
2_12_10 4, 12
2_2_04 15, 7
1_22_22 9
2_22_02 15, 7
3_14_16 8, 16, 4
4_26_18 12, 4, 8, 16
2_22_10 3, 11
8_20_12 7, 15, 3, 11, 8, 16, 4, 12
4_5_08 6, 14, 2, 10
1_31_06 15
3_5_14 9, 1, 5
4_11_14 10, 2, 6, 14
4_25_08 7, 15, 3, 11
4_3_04 3, 11, 15, 7
7_9_10 8, 16, 4, 12, 9, 1, 5
4_22_16 10, 2, 6, 14
1_3_06 12
2_20_04 15, 7
6_15_02 5, 13, 1, 9, 2, 10
4_26_20 13, 5, 9, 1
3_16_16 8, 16, 12
6_25_20 13, 5, 9, 1, 14, 6
2_3_08 5, 13
5_10_22 14, 6, 10, 2, 11
7_11_12 9, 1, 5, 13, 2, 10, 14
8_24_08 6, 14, 2, 10, 7, 15, 3, 11
8_26_06 6, 14, 2, 10, 7, 15, 3, 11
2_4_06 16, 8
8_12_10 8, 16, 4, 12, 9, 1, 5, 13
5_6_08 6, 14, 2, 10, 3
6_15_00 4, 12, 16, 8, 1, 9
3_8_08 2, 10, 6
6_18_10 6, 14, 2, 10, 3, 11
3_16_12 6, 14, 10
1_14_20 10
2_15_22 15, 7
7_12_12 9, 1, 5, 13, 14, 6, 10
5_16_00 4, 12, 16, 8, 5
5_18_20 11, 3, 7, 15, 8
7_12_12 9, 1, 5, 13, 14, 6, 10
7_11_06 6, 14, 2, 10, 15, 7, 11
4_30_12 10, 2, 6, 14
7_19_10 6, 14, 2, 10, 15, 7, 11
3_21_18 11, 3, 7
4_23_16 10, 2, 6, 14
2_24_10 3, 11
8_22_02 3, 11, 15, 7, 4, 12, 16, 8
5_18_02 2, 10, 14, 6, 15
3_6_12 4, 12, 16
8_30_02 5, 13, 1, 9, 2, 10, 14, 6
4_18_04 3, 11, 15, 7
3_16_16 8, 16, 12
8_7_00 2, 10, 14, 6, 3, 11, 15, 7
4_31_12 10, 2, 6, 14
1_15_06 15
2_25_14 10, 2
1_26_02 16
6_17_22 12, 4, 8, 16, 13, 5
8_5_20 12, 4, 8, 16, 13, 5, 9, 1
3_18_12 3, 11, 15
5_15_00 4, 12, 16, 8, 9
8_31_00 4, 12, 16, 8, 1, 9, 13, 5
8_14_16 12, 4, 8, 16, 9, 1, 5, 13
1_23_22 5
3_10_00 15, 7, 11
1_15_08 16
8_12_04 5, 13, 1, 9, 6, 14, 2, 10
4_28_02 4, 12, 16, 8
1_9_02 4
4_1_04 3, 11, 15, 7
3_2_02 14, 6, 10
1_26_18 8
3_21_06 5, 13, 1
5_6_08 6, 14, 2, 10, 3
4_20_08 5, 13, 1, 9
4_6_00 2, 10, 14, 6
1_14_18 9
5_1_18 10, 2, 6, 14, 11
6_27_20 13, 5, 9, 1, 14, 6
3_17_00 1, 9, 13
8_9_08 7, 15, 3, 11, 8, 16, 4, 12
5_27_16 11, 3, 7, 15, 4
2_20_18 6, 14
4_5_14 9, 1, 5, 13
6_6_12 8, 16, 4, 12, 5, 13
1_12_18 16
1_30_18 9
2_5_22 13, 5
2_31_10 9, 1
4_27_12 9, 1, 5, 13
8_3_14 8, 16, 4, 12, 9, 1, 5, 13
3_12_06 2, 10, 6
3_2_22 8, 16, 4
4_8_14 9, 1, 5, 13
6_29_04 6, 14, 2, 10, 3, 11
5_20_12 7, 15, 3, 11, 12
4_31_16 12, 4, 8, 16
6_14_06 7, 15, 3, 11, 16, 8
1_29_18 13
5_1_02 2, 10, 14, 6, 3
2_13_00 4,12
1_15_16 4
3_1_16 9, 1, 5
1_29_12 10
6_30_20 14, 6, 10, 2, 7, 15
6_9_16 11, 3, 7, 15, 12, 4
5_11_04 5, 13, 1, 9, 14
7_19_06 4, 12, 16, 8, 13, 5, 9
2_18_16 5, 13
2_26_06 2, 10
8_6_02 3, 11, 15, 7, 4, 12, 16, 8
6_31_20 14, 6, 10, 2, 11, 3
5_24_04 4, 12, 16, 8, 9
5_1_02 2, 10, 14, 6, 3
6_25_14 10, 2, 6, 14, 11, 3
3_9_14 10, 2, 6
1_27_14 2
4_25_20 13, 5, 9, 1
6_24_12 8, 16, 4, 12, 5, 13
4_18_08 5, 13, 1, 9
1_20_12 11
5_12_12 9, 1, 5, 13, 14
1_27_10 16
3_10_20 9, 1, 5
7_31_12 10, 2, 6, 14, 15, 7, 11
8_26_20 13, 5, 9, 1, 14, 6, 10, 2
8_15_22 15, 7, 11, 3, 12, 4, 8, 16
3_27_02 4, 12, 8
6_7_16 10, 2, 6, 14, 11, 3
5_13_06 7, 15, 3, 11, 4
7_13_14 11, 3, 7, 15, 8, 16, 4
3_31_02 5, 13, 9
2_25_00 3, 11
1_28_18 16
1_26_20 9
3_19_10 6, 14, 10
6_17_16 9, 1, 5, 13, 10, 2
3_20_04 15, 7, 3
1_27_02 12
6_11_16 11, 3, 7, 15, 12, 4
3_12_12 5, 13, 9
7_17_14 8, 16, 4, 12, 9, 1, 5
6_4_14 8, 16, 4, 12, 5, 13
8_7_04 4, 12, 16, 8, 5, 13, 1, 9
8_14_22 15, 7, 11, 3, 12, 4, 8, 16
5_11_20 13, 5, 9, 1, 6
1_30_12 6
3_27_08 7, 15, 11
5_9_20 13, 5, 9, 1, 14
3_28_12 5, 13, 9
5_22_16 10, 2, 6, 14, 7
4_20_02 2, 10, 14, 6
7_17_04 3, 11, 15, 7, 4, 12, 16
8_15_04 6, 14, 2, 10, 3, 11, 15, 7
6_31_02 5, 13, 1, 9, 2, 10
3_25_14 10, 2, 6
1_13_06 7
2_17_00 1, 9
1_2_18 6
8_30_16 12, 4, 8, 16, 9, 1, 5, 13
1_23_08 14
2_9_14 10, 2
4_29_10 9, 1, 5, 13
8_4_02 2, 10, 14, 6, 3, 11, 15, 7
2_27_08 7, 15
7_15_04 6, 14, 2, 10, 11, 3, 7
4_20_10 6, 14, 2, 10
5_20_00 1, 9, 13, 5, 6
7_9_22 14, 6, 10, 2, 15, 7, 11
1_31_04 14
2_25_10 8, 16
2_31_18 13, 5
2_10_14 6, 14
3_15_14 11, 3, 15
3_19_20 11, 3, 15
8_14_00 4, 12, 16, 8, 1, 9, 13, 5
8_12_02 4, 12, 16, 8, 5, 13, 1, 9
4_11_22 14, 6, 10, 2
3_25_10 8, 16, 4
8_10_20 13, 5, 9, 1, 14, 6, 10, 2
1_12_02 8
8_20_12 7, 15, 3, 11, 8, 16, 4, 12
8_16_20 14, 6, 10, 2, 11, 3, 7, 15
5_20_22 12, 4, 8, 16, 1
2_2_08 1, 9
1_26_14 6
7_5_12 8, 16, 4, 12, 9, 1, 5
4_1_22 12, 4, 8, 16
5_22_08 6, 14, 2, 10, 3
7_28_12 9, 1, 5, 13, 14, 6, 10
3_25_14 10, 2, 6
3_13_20 14, 6, 10
4_3_12 7, 15, 3, 11
8_7_10 7, 15, 3, 11, 8, 16, 4, 12
1_4_08 9
5_5_06 5, 13, 1, 9, 6
2_21_18 11, 3
1_28_00 7
4_21_12 8, 16, 4, 12
2_26_10 4, 12
8_4_12 7, 15, 3, 11, 8, 16, 4, 12
6_8_22 13, 5, 9, 1, 10, 2
2_9_18 12, 4
4_24_22 13, 5, 9, 1
2_12_10 4, 12
