5_9_16 11, 3, 7, 15, 12
2_17_10 6, 14
6_5_22 13, 5, 9, 1, 14, 6
6_17_00 1, 9, 13, 5, 2, 10
2_8_14 5, 13
8_25_00 3, 11, 15, 7, 4, 12, 16, 8
4_8_00 2, 10, 14, 6
2_5_00 2, 10
2_11_08 7, 15
5_6_16 10, 2, 6, 14, 7
7_7_02 3, 11, 15, 7, 12, 4, 8
7_21_06 5, 13, 1, 9, 6, 14, 2
4_19_20 11, 3, 7, 15
5_1_14 8, 16, 4, 12, 9
3_27_12 9, 1, 13
4_17_20 11, 3, 7, 15
3_28_18 8, 16, 12
7_24_08 6, 14, 2, 10, 11, 3, 7
4_1_14 8, 16, 4, 12
1_16_04 10
7_22_14 9, 1, 5, 13, 6, 14, 2
7_16_12 10, 2, 6, 14, 11, 3, 7
4_2_12 7, 15, 3, 11
8_8_08 6, 14, 2, 10, 7, 15, 3, 11
2_12_20 9, 1
6_16_10 9, 1, 5, 13, 2, 10
4_8_08 6, 14, 2, 10
5_21_06 5, 13, 1, 9, 6
3_29_22 15, 7, 11
7_30_00 4, 12, 16, 8, 13, 5, 9
5_16_00 4, 12, 16, 8, 5
8_15_14 11, 3, 7, 15, 8, 16, 4, 12
2_13_06 7, 15
7_23_06 5, 13, 1, 9, 14, 6, 10
1_3_04 11
3_18_14 4, 12, 16
4_11_12 9, 1, 5, 13
8_17_10 6, 14, 2, 10, 7, 15, 3, 11
6_5_10 7, 15, 3, 11, 8, 16
3_11_16 11, 3, 15
3_14_00 16, 8, 12
7_13_08 8, 16, 4, 12, 5, 13, 1
6_7_02 3, 11, 15, 7, 4, 12
8_1_08 5, 13, 1, 9, 6, 14, 2, 10
8_23_18 11, 3, 7, 15, 12, 4, 8, 16
6_27_12 9, 1, 5, 13, 10, 2
1_27_04 13
2_23_06 5, 13
1_6_12 4
8_20_06 4, 12, 16, 8, 5, 13, 1, 9
6_12_18 12, 4, 8, 16, 9, 1
1_25_18 12
8_28_12 9, 1, 5, 13, 10, 2, 6, 14
5_9_06 6, 14, 2, 10, 7
7_2_22 12, 4, 8, 16, 9, 1, 5
3_13_16 12, 4, 8
8_12_16 11, 3, 7, 15, 12, 4, 8, 16
5_22_08 6, 14, 2, 10, 3
2_28_08 3, 11
4_28_04 5, 13, 1, 9
2_20_02 14, 6
8_14_00 4, 12, 16, 8, 1, 9, 13, 5
2_9_00 3, 11
7_25_10 8, 16, 4, 12, 9, 1, 5
3_2_10 2, 10, 14
4_25_08 7, 15, 3, 11
5_9_16 11, 3, 7, 15, 12
3_31_02 5, 13, 9
1_12_16 15
5_24_10 7, 15, 3, 11, 12
8_22_16 10, 2, 6, 14, 11, 3, 7, 15
8_21_20 12, 4, 8, 16, 13, 5, 9, 1
5_23_14 9, 1, 5, 13, 2
5_18_20 11, 3, 7, 15, 8
7_5_06 5, 13, 1, 9, 6, 14, 2
6_11_14 10, 2, 6, 14, 11, 3
6_24_06 5, 13, 1, 9, 2, 10
1_13_20 14
2_1_16 9, 1
6_29_18 13, 5, 9, 1, 10, 2
2_7_00 2, 10
5_13_02 5, 13, 1, 9, 2
6_20_20 11, 3, 7, 15, 8, 16
1_28_12 13
3_26_04 1, 9, 13
8_8_00 2, 10, 14, 6, 3, 11, 15, 7
5_28_12 9, 1, 5, 13, 14
7_5_02 3, 11, 15, 7, 4, 12, 16
2_11_16 11, 3
3_26_10 4, 12, 16
8_22_20 12, 4, 8, 16, 13, 5, 9, 1
5_16_02 5, 13, 1, 9, 6
1_31_06 15
6_3_20 11, 3, 7, 15, 12, 4
7_4_14 8, 16, 4, 12, 13, 5, 9
2_14_02 1, 9
6_22_20 12, 4, 8, 16, 9, 1
2_4_02 14, 6
7_24_16 10, 2, 6, 14, 15, 7, 11
1_15_18 5
1_16_02 9
3_9_00 3, 11, 15
1_2_04 15
8_12_04 5, 13, 1, 9, 6, 14, 2, 10
5_30_14 11, 3, 7, 15, 4
7_21_14 9, 1, 5, 13, 10, 2, 6
1_21_04 4
4_19_16 9, 1, 5, 13
5_23_04 4, 12, 16, 8, 13
1_20_14 12
4_14_08 8, 16, 4, 12
6_4_02 2, 10, 14, 6, 15, 7
7_15_08 8, 16, 4, 12, 13, 5, 9
3_1_16 9, 1, 5
8_9_14 10, 2, 6, 14, 11, 3, 7, 15
4_5_16 10, 2, 6, 14
3_10_02 16, 8, 12
5_13_22 15, 7, 11, 3, 12
5_22_22 13, 5, 9, 1, 10
4_21_06 5, 13, 1, 9
7_6_14 9, 1, 5, 13, 6, 14, 2
6_30_18 13, 5, 9, 1, 6, 14
8_20_02 2, 10, 14, 6, 3, 11, 15, 7
8_23_12 8, 16, 4, 12, 9, 1, 5, 13
3_13_16 12, 4, 8
3_14_16 8, 16, 4
8_14_08 8, 16, 4, 12, 5, 13, 1, 9
6_27_16 11, 3, 7, 15, 12, 4
6_15_00 4, 12, 16, 8, 1, 9
6_7_14 9, 1, 5, 13, 10, 2
1_21_16 10
4_28_22 14, 6, 10, 2
4_9_06 6, 14, 2, 10
6_15_14 11, 3, 7, 15, 8, 16
2_16_06 3, 11
7_7_08 6, 14, 2, 10, 15, 7, 11
5_26_00 3, 11, 15, 7, 16
2_31_04 6, 14
4_11_20 13, 5, 9, 1
1_20_12 11
7_15_02 5, 13, 1, 9, 10, 2, 6
3_1_14 8, 16, 4
8_18_16 9, 1, 5, 13, 10, 2, 6, 14
7_1_14 8, 16, 4, 12, 9, 1, 5
5_11_10 8, 16, 4, 12, 1
7_14_04 6, 14, 2, 10, 15, 7, 11
2_14_20 10, 2
4_13_18 13, 5, 9, 1
2_28_14 6, 14
3_12_08 3, 11, 7
2_30_02 1, 9
2_16_20 10, 2
5_15_14 11, 3, 7, 15, 16
7_2_04 3, 11, 15, 7, 16, 8, 12
1_9_04 5
6_18_22 12, 4, 8, 16, 9, 1
4_29_00 4,12, 16, 8
7_17_06 4, 12, 16, 8, 5, 13, 1
8_18_06 4, 12, 16, 8, 5, 13, 1, 9
8_12_10 8, 16, 4, 12, 9, 1, 5, 13
7_3_08 5, 13, 1, 9, 14, 6, 10
1_9_16 11
1_25_18 12
1_19_02 10
5_5_20 12, 4, 8, 16, 13
4_15_06 7, 15, 3, 11
6_5_04 4, 12, 16, 8, 5, 13
5_22_20 12, 4, 8, 16, 9
4_10_00 3, 11, 15, 7
8_5_22 13, 5, 9, 1, 14, 6, 10, 2
3_15_12 10, 2, 14
4_23_22 13, 5, 9, 1
6_20_16 9, 1, 5, 13, 6, 14
2_28_10 4, 12
8_1_18 10, 2, 6, 14, 11, 3, 7, 15
1_15_16 4
5_27_10 8, 16, 4, 12, 1
8_11_22 14, 6, 10, 2, 15, 7, 11, 3
1_8_14 13
3_7_08 6, 14, 10
4_15_16 12, 4, 8, 16
7_18_10 6, 14, 2, 10, 3, 11, 15
8_27_20 13, 5, 9, 1, 14, 6, 10, 2
8_18_18 10, 2, 6, 14, 11, 3, 7, 15
3_16_08 4, 12, 8
8_2_06 4, 12, 16, 8, 5, 13, 1, 9
2_30_04 2, 10
7_12_16 11, 3, 7, 15, 16, 8, 12
4_3_12 7, 15, 3, 11
6_16_00 4, 12, 16, 8, 13, 5
2_12_20 9, 1
5_5_14 9, 1, 5, 13, 10
7_29_14 11, 3, 7, 15, 8, 16, 4
5_7_20 12, 4, 8, 16, 5
6_1_16 9, 1, 5, 13, 10, 2
3_17_10 6, 14, 2
4_24_00 2, 10, 14, 6
2_7_18 11, 3
4_4_06 4, 12, 16, 8
4_8_02 3, 11, 15, 7
6_17_06 4, 12, 16, 8, 5, 13
8_26_16 11, 3, 7, 15, 12, 4, 8, 16
4_11_10 8, 16, 4, 12
7_6_08 6, 14, 2, 10, 3, 11, 15
3_19_00 1, 9, 5
5_2_20 11, 3, 7, 15, 8
4_29_14 11, 3, 7, 15
6_4_20 11, 3, 7, 15, 8, 16
2_19_02 2, 10
7_18_22 12, 4, 8, 16, 9, 1, 5
6_30_08 8, 16, 4, 12, 1, 9
2_18_16 5, 13
1_16_08 12
1_22_16 6
7_27_22 14, 6, 10, 2, 7, 15, 3
5_18_14 8, 16, 4, 12, 5
7_23_16 10, 2, 6, 14, 3, 11, 15
1_29_06 7
5_14_06 7, 15, 3, 11, 16
1_19_18 2
1_27_12 1
4_3_14 8, 16, 4, 12
1_24_14 13
8_16_20 14, 6, 10, 2, 11, 3, 7, 15
4_23_12 8, 16, 4, 12
8_10_20 13, 5, 9, 1, 14, 6, 10, 2
6_19_10 6, 14, 2, 10, 7, 15
5_21_08 6, 14, 2, 10, 7
8_17_04 3, 11, 15, 7, 4, 12, 16, 8
1_30_04 2
3_14_04 2, 10, 14
3_16_08 4, 12, 8
8_25_04 5, 13, 1, 9, 6, 14, 2, 10
5_8_00 2, 10, 14, 6, 7
7_22_14 9, 1, 5, 13, 6, 14, 2
1_7_10 15
6_17_06 4, 12, 16, 8, 5, 13
4_1_20 11, 3, 7, 15
1_3_20 3
3_16_16 8, 16, 12
1_25_04 5
4_8_12 8, 16, 4, 12
2_13_02 5, 13
3_11_14 10, 2, 14
2_19_20 11, 3
6_5_08 6, 14, 2, 10, 7, 15
2_2_20 7, 15
6_30_06 7, 15, 3, 11, 16, 8
1_15_00 12
5_12_08 7, 15, 3, 11, 12
8_5_16 10, 2, 6, 14, 11, 3, 7, 15
3_5_20 12, 4, 8
5_31_18 13, 5, 9, 1, 2
4_12_00 3, 11, 15, 7
1_31_22 7
2_7_20 12, 4
3_18_02 14, 6, 10
4_5_10 7, 15, 3, 11
4_1_00 1, 9, 13, 5
7_12_14 10, 2, 6, 14, 15, 7, 11
3_13_06 7, 15, 3
5_12_06 6, 14, 2, 10, 11
1_14_14 7
2_12_06 2, 10
7_19_14 8, 16, 4, 12, 1, 9, 13
7_5_20 12, 4, 8, 16, 13, 5, 9
5_25_14 10, 2, 6, 14, 11
6_16_04 6, 14, 2, 10, 15, 7
7_19_14 8, 16, 4, 12, 1, 9, 13
3_23_20 12, 4, 16
3_5_02 3, 11, 15
1_19_14 16
4_25_20 13, 5, 9, 1
5_20_18 10, 2, 6, 14, 15
5_18_00 1, 9, 13, 5, 14
3_12_20 9, 1, 13
5_28_08 7, 15, 3, 11, 12
8_7_18 11, 3, 7, 15, 12, 4, 8, 16
5_27_22 14, 6, 10, 2, 7
3_4_06 16, 8, 4
3_24_12 4, 12, 8
4_30_22 15, 7, 11, 3
5_28_18 12, 4, 8, 16, 1
7_6_00 2, 10, 14, 6, 15, 7, 11
5_25_14 10, 2, 6, 14, 11
7_17_20 11, 3, 7, 15, 12, 4, 8
4_31_12 10, 2, 6, 14
1_16_14 15
1_8_14 13
7_3_16 9, 1, 5, 13, 2, 10, 14
1_3_04 11
1_9_08 7
1_16_14 15
5_9_22 14, 6, 10, 2, 15
6_10_14 10, 2, 6, 14, 7, 15
3_23_18 11, 3, 15
6_10_12 9, 1, 5, 13, 6, 14
7_31_12 10, 2, 6, 14, 15, 7, 11
3_11_00 3, 11, 7
8_24_04 4, 12, 16, 8, 5, 13, 1, 9
8_25_12 9, 1, 5, 13, 10, 2, 6, 14
2_11_10 8, 16
3_5_20 12, 4, 8
5_18_02 2, 10, 14, 6, 15
6_6_00 2, 10, 14, 6, 15, 7
3_15_04 6, 14, 10
5_10_02 4, 12, 16, 8, 1
8_11_06 6, 14, 2, 10, 7, 15, 3, 11
1_13_06 7
5_24_16 10, 2, 6, 14, 15
1_3_12 15
8_31_10 9, 1, 5, 13, 6, 14, 2, 10
4_22_12 8, 16, 4, 12
7_28_20 13, 5, 9, 1, 2, 10, 14
1_8_00 6
8_1_02 2, 10, 14, 6, 3, 11, 15, 7
1_2_16 5
4_12_18 12, 4, 8, 16
8_20_06 4, 12, 16, 8, 5, 13, 1, 9
4_31_20 14, 6, 10, 2
2_13_02 5, 13
7_28_22 14, 6, 10, 2, 3, 11, 15
6_22_14 9, 1, 5, 13, 6, 14
8_17_18 10, 2, 6, 14, 11, 3, 7, 15
1_29_18 13
8_29_12 10, 2, 6, 14, 7, 15, 3, 11
1_27_18 4
4_2_04 3, 11, 15, 7
5_1_14 8, 16, 4, 12, 9
4_18_12 7, 15, 3, 11
8_8_20 12, 4, 8, 16, 13, 5, 9, 1
4_18_00 1, 9, 13, 5
3_5_08 6, 14, 2
1_7_20 4
1_29_22 15
7_6_14 9, 1, 5, 13, 6, 14, 2
8_10_14 10, 2, 6, 14, 11, 3, 7, 15
4_26_20 13, 5, 9, 1
8_11_08 7, 15, 3, 11, 8, 16, 4, 12
1_24_22 1
3_31_06 7, 15, 11
6_13_02 5, 13, 1, 9, 2, 10
3_26_14 6, 14, 2
2_2_14 4, 12
4_24_10 7, 15, 3, 11
2_14_08 4, 12
5_3_02 2, 10, 14, 6, 11
5_15_14 11, 3, 7, 15, 16
8_13_14 11, 3, 7, 15, 8, 16, 4, 12
8_6_20 12, 4, 8, 16, 13, 5, 9, 1
8_14_00 4, 12, 16, 8, 1, 9, 13, 5
1_31_08 16
6_17_04 3, 11, 15, 7, 4, 12
1_4_22 16
7_19_04 3, 11, 15, 7, 12, 4, 8
3_24_12 4, 12, 8
4_26_14 10, 2, 6, 14
5_7_06 5, 13, 1, 9, 14
4_20_08 5, 13, 1, 9
1_17_00 1
6_6_16 10, 2, 6, 14, 7, 15
5_9_08 7, 15, 3, 11, 8
8_4_00 1, 9, 13, 5, 2, 10, 14, 6
7_20_06 4, 12, 16, 8, 9, 1, 5
2_13_00 4,12
1_19_14 16
8_15_02 5, 13, 1, 9, 2, 10, 14, 6
2_10_22 10, 2
1_20_20 15
2_25_10 8, 16
6_8_08 6, 14, 2, 10, 3, 11
2_27_00 3, 11
5_21_22 13, 5, 9, 1, 14
3_5_20 12, 4, 8
4_22_10 7, 15, 3, 11
7_9_02 4, 12, 16, 8, 5, 13, 1
5_30_06 7, 15, 3, 11, 16
6_2_16 9, 1, 5, 13, 6, 14
4_8_00 2, 10, 14, 6
7_10_14 10, 2, 6, 14, 7, 15, 3
1_8_08 10
1_31_04 14
5_3_12 7, 15, 3, 11, 16
7_10_04 5, 13, 1, 9, 2, 10, 14
4_10_16 11, 3, 7, 15
1_21_16 10
6_22_10 7, 15, 3, 11, 4, 12
7_31_00 4, 12, 16, 8, 9, 1, 5
6_12_08 7, 15, 3, 11, 4, 12
6_29_16 12, 4, 8, 16, 9, 1
5_3_08 5, 13, 1, 9, 14
1_27_10 16
4_10_16 11, 3, 7, 15
3_15_00 4,12, 8
1_12_08 11
4_6_22 13, 5, 9, 1
8_14_02 5, 13, 1, 9, 2, 10, 14, 6
3_4_00 13, 5, 1
6_28_00 3, 11, 15, 7, 16, 8
8_20_22 12, 4, 8, 16, 13, 5, 9, 1
5_11_08 7, 15, 3, 11, 16
5_5_18 11, 3, 7, 15, 12
4_4_12 7, 15, 3, 11
6_2_20 11, 3, 7, 15, 8, 16
8_20_20 11, 3, 7, 15, 12, 4, 8, 16
4_6_02 3, 11, 15, 7
2_6_22 9, 1
4_24_14 9, 1, 5, 13
7_21_22 13, 5, 9, 1, 14, 6, 10
5_2_14 8, 16, 4, 12, 5
4_8_00 2, 10, 14, 6
8_24_10 7, 15, 3, 11, 8, 16, 4, 12
5_1_14 8, 16, 4, 12, 9
8_22_02 3, 11, 15, 7, 4, 12, 16, 8
1_9_00 3
1_27_06 14
7_30_18 13, 5, 9, 1, 6, 14, 2
1_18_02 14
7_18_18 10, 2, 6, 14, 7, 15, 3
7_11_12 9, 1, 5, 13, 2, 10, 14
1_26_08 3
4_22_12 8, 16, 4, 12
6_16_20 14, 6, 10, 2, 7, 15
6_14_04 6, 14, 2, 10, 15, 7
1_25_20 13
5_20_22 12, 4, 8, 16, 1
5_9_02 4, 12, 16, 8, 5
3_31_04 6, 14, 10
1_5_02 3
7_13_06 7, 15, 3, 11, 4, 12, 16
4_31_02 5, 13, 1, 9
1_5_08 6
2_16_16 8, 16
7_3_06 4, 12, 16, 8, 13, 5, 9
7_16_04 6, 14, 2, 10, 7, 15, 3
4_10_08 7, 15, 3, 11
2_15_22 15, 7
1_4_20 15
6_27_20 13, 5, 9, 1, 14, 6
6_26_16 11, 3, 7, 15, 8, 16
5_9_12 9, 1, 5, 13, 10
7_29_02 5, 13, 1, 9, 2, 10, 14
3_26_02 16, 8, 12
7_31_16 12, 4, 8, 16, 1, 9, 13
3_30_14 7, 15, 3
1_7_08 14
3_26_08 3, 11, 15
7_16_02 5, 13, 1, 9, 6, 14, 2
1_19_02 10
5_23_20 12, 4, 8, 16, 5
6_12_10 8, 16, 4, 12, 5, 13
2_18_20 7, 15
6_3_02 2, 10, 14, 6, 3, 11
8_24_20 12, 4, 8, 16, 13, 5, 9, 1
3_17_18 10, 2, 6
2_11_02 4, 12
6_12_00 3, 11, 15, 7, 16, 8
4_7_18 11, 3, 7, 15
5_3_22 12, 4, 8, 16, 5
1_24_12 12
2_17_14 8, 16
8_10_20 13, 5, 9, 1, 14, 6, 10, 2
7_24_16 10, 2, 6, 14, 15, 7, 11
1_31_12 2
2_6_18 7, 15
8_28_06 6, 14, 2, 10, 7, 15, 3, 11
5_3_06 4, 12, 16, 8, 13
5_10_08 7, 15, 3, 11, 4
5_6_10 7, 15, 3, 11, 4
3_4_00 13, 5, 1
8_9_14 10, 2, 6, 14, 11, 3, 7, 15
6_3_00 1, 9, 13, 5, 2, 10
4_26_10 8, 16, 4, 12
4_24_16 10, 2, 6, 14
8_23_16 10, 2, 6, 14, 11, 3, 7, 15
1_27_04 13
8_17_08 5, 13, 1, 9, 6, 14, 2, 10
1_21_02 3
8_10_12 9, 1, 5, 13, 10, 2, 6, 14
6_24_12 8, 16, 4, 12, 5, 13
5_1_10 6, 14, 2, 10, 7
6_26_10 8, 16, 4, 12, 5, 13
4_7_06 5, 13, 1, 9
8_4_20 11, 3, 7, 15, 12, 4, 8, 16
1_1_02 2
4_11_20 13, 5, 9, 1
6_23_18 11, 3, 7, 15, 12, 4
8_19_22 12, 4, 8, 16, 13, 5, 9, 1
6_19_04 3, 11, 15, 7, 4, 12
3_22_22 9, 1, 5
5_20_20 11, 3, 7, 15, 16
2_4_04 15, 7
1_9_02 4
5_19_14 8, 16, 4, 12, 1
5_29_10 9, 1, 5, 13, 6
1_13_02 5
4_9_00 3, 11, 15, 7
7_18_18 10, 2, 6, 14, 7, 15, 3
8_14_06 7, 15, 3, 11, 4, 12, 16, 8
7_11_12 9, 1, 5, 13, 2, 10, 14
2_1_08 5, 13
6_10_02 4, 12, 16, 8, 1, 9
7_25_00 3, 11, 15, 7, 4, 12, 16
3_18_12 3, 11, 15
8_22_06 5, 13, 1, 9, 6, 14, 2, 10
6_1_22 12, 4, 8, 16, 13, 5
7_29_16 12, 4, 8, 16, 9, 1, 5
7_12_22 14, 6, 10, 2, 3, 11, 15
6_26_04 5, 13, 1, 9, 2, 10
4_12_00 3, 11, 15, 7
3_25_04 5, 13, 1
8_10_12 9, 1, 5, 13, 10, 2, 6, 14
5_14_16 12, 4, 8, 16, 5
1_14_22 11
1_21_08 6
8_5_22 13, 5, 9, 1, 14, 6, 10, 2
5_4_00 1, 9, 13, 5, 6
3_9_18 12, 4, 8
2_4_12 3, 11
8_24_16 10, 2, 6, 14, 11, 3, 7, 15
3_14_08 4, 12, 16
8_19_04 3, 11, 15, 7, 4, 12, 16, 8
8_1_12 7, 15, 3, 11, 8, 16, 4, 12
3_9_04 5, 13, 1
4_2_12 7, 15, 3, 11
8_19_12 7, 15, 3, 11, 8, 16, 4, 12
2_17_14 8, 16
6_11_16 11, 3, 7, 15, 12, 4
3_1_16 9, 1, 5
1_2_04 15
4_19_02 2, 10, 14, 6
4_27_04 5, 13, 1, 9
1_8_04 8
7_9_16 11, 3, 7, 15, 12, 4, 8
3_23_06 5, 13, 9
5_3_02 2, 10, 14, 6, 11
8_28_04 5, 13, 1, 9, 6, 14, 2, 10
8_18_20 11, 3, 7, 15, 12, 4, 8, 16
4_16_10 9, 1, 5, 13
4_11_20 13, 5, 9, 1
4_8_00 2, 10, 14, 6
6_7_00 2, 10, 14, 6, 3, 11
6_17_18 10, 2, 6, 14, 11, 3
2_17_12 7, 15
6_24_18 11, 3, 7, 15, 8, 16
2_30_04 2, 10
6_24_04 4, 12, 16, 8, 1, 9
5_18_06 4, 12, 16, 8, 1
4_26_22 14, 6, 10, 2
5_2_00 1, 9, 13, 5, 14
2_12_16 7, 15
3_30_16 8, 16, 4
8_20_06 4, 12, 16, 8, 5, 13, 1, 9
5_23_00 2, 10, 14, 6, 11
3_23_06 5, 13, 9
5_24_02 3, 11, 15, 7, 8
1_25_20 13
7_3_20 11, 3, 7, 15, 4, 12, 16
3_27_20 13, 5, 1
8_7_08 6, 14, 2, 10, 7, 15, 3, 11
1_6_16 6
3_14_02 1, 9, 13
1_18_06 16
7_27_00 3, 11, 15, 7, 12, 4, 8
7_14_18 13, 5, 9, 1, 6, 14, 2
2_11_10 8, 16
3_17_04 3, 11, 15
3_18_08 1, 9, 13
8_26_02 4, 12, 16, 8, 5, 13, 1, 9
2_20_14 4, 12
5_28_16 11, 3, 7, 15, 16
1_4_08 9
1_20_08 9
3_25_22 14, 6, 10
3_24_12 4, 12, 8
5_9_08 7, 15, 3, 11, 8
6_10_08 7, 15, 3, 11, 4, 12
6_30_20 14, 6, 10, 2, 7, 15
3_29_00 4,12, 16
6_25_16 11, 3, 7, 15, 12, 4
2_20_00 13, 5
4_22_06 5, 13, 1, 9
5_21_20 12, 4, 8, 16, 13
1_4_06 8
6_17_02 2, 10, 14, 6, 3, 11
4_26_20 13, 5, 9, 1
5_31_06 7, 15, 3, 11, 12
1_1_18 10
7_1_16 9, 1, 5, 13, 10, 2, 6
2_30_18 9, 1
1_10_14 6
8_1_16 9, 1, 5, 13, 10, 2, 6, 14
2_28_00 15, 7
8_13_10 9, 1, 5, 13, 6, 14, 2, 10
8_25_20 13, 5, 9, 1, 14, 6, 10, 2
6_9_10 8, 16, 4, 12, 9, 1
8_17_18 10, 2, 6, 14, 11, 3, 7, 15
6_9_20 13, 5, 9, 1, 14, 6
4_15_22 15, 7, 11, 3
4_15_10 9, 1, 5, 13
2_19_20 11, 3
6_21_06 5, 13, 1, 9, 6, 14
2_25_16 11, 3
8_27_14 10, 2, 6, 14, 11, 3, 7, 15
4_26_20 13, 5, 9, 1
3_28_02 16, 8, 4
7_22_22 13, 5, 9, 1, 10, 2, 6
8_4_22 12, 4, 8, 16, 13, 5, 9, 1
5_1_08 5, 13, 1, 9, 6
4_9_18 12, 4, 8, 16
2_4_20 7, 15
6_26_10 8, 16, 4, 12, 5, 13
4_16_08 8, 16, 4, 12
7_20_00 1, 9, 13, 5, 6, 14, 2
6_13_20 14, 6, 10, 2, 11, 3
8_5_00 2, 10, 14, 6, 3, 11, 15, 7
2_21_18 11, 3
7_8_16 10, 2, 6, 14, 15, 7, 11
3_3_20 11, 3, 15
8_18_08 5, 13, 1, 9, 6, 14, 2, 10
7_4_16 9, 1, 5, 13, 14, 6, 10
8_17_20 11, 3, 7, 15, 12, 4, 8, 16
2_2_16 5, 13
5_11_04 5, 13, 1, 9, 14
5_31_06 7, 15, 3, 11, 12
3_3_10 6, 14, 10
2_23_00 2, 10
1_7_00 10
3_6_18 7, 15, 3
1_14_14 7
7_20_08 5, 13, 1, 9, 10, 2, 6
1_17_08 5
7_20_10 6, 14, 2, 10, 11, 3, 7
2_7_20 12, 4
4_19_22 12, 4, 8, 16
3_17_08 5, 13, 1
7_6_18 11, 3, 7, 15, 8, 16, 4
6_17_16 9, 1, 5, 13, 10, 2
5_5_10 7, 15, 3, 11, 8
2_21_22 13, 5
5_2_04 3, 11, 15, 7, 16
2_7_16 10, 2
2_30_06 3, 11
3_26_12 5, 13, 1
1_8_10 11
7_19_12 7, 15, 3, 11, 16, 8, 12
4_19_22 12, 4, 8, 16
7_13_18 13, 5, 9, 1, 10, 2, 6
4_4_14 8, 16, 4, 12
7_9_06 6, 14, 2, 10, 7, 15, 3
8_3_14 8, 16, 4, 12, 9, 1, 5, 13
7_5_06 5, 13, 1, 9, 6, 14, 2
6_17_12 7, 15, 3, 11, 8, 16
2_12_04 1, 9
6_16_18 13, 5, 9, 1, 6, 14
3_1_22 12, 4, 8
8_23_10 7, 15, 3, 11, 8, 16, 4, 12
6_9_18 12, 4, 8, 16, 13, 5
2_25_06 6, 14
5_7_18 11, 3, 7, 15, 4
8_24_06 5, 13, 1, 9, 6, 14, 2, 10
4_2_00 1, 9, 13, 5
3_30_06 3, 11, 15
1_20_16 13
2_19_00 1, 9
1_1_14 8
3_6_18 7, 15, 3
4_15_18 13, 5, 9, 1
5_8_14 9, 1, 5, 13, 14
5_5_14 9, 1, 5, 13, 10
6_21_22 13, 5, 9, 1, 14, 6
1_26_10 4
2_7_02 3, 11
2_23_16 10, 2
3_15_16 12, 4, 16
3_22_00 14, 6, 10
4_15_20 14, 6, 10, 2
7_23_06 5, 13, 1, 9, 14, 6, 10
6_18_20 11, 3, 7, 15, 8, 16
1_15_10 1
6_14_16 12, 4, 8, 16, 5, 13
5_15_06 7, 15, 3, 11, 12
6_20_20 11, 3, 7, 15, 8, 16
8_22_02 3, 11, 15, 7, 4, 12, 16, 8
8_2_12 7, 15, 3, 11, 8, 16, 4, 12
5_22_06 5, 13, 1, 9, 2
1_18_20 7
7_15_22 15, 7, 11, 3, 4, 12, 16
8_5_12 8, 16, 4, 12, 9, 1, 5, 13
1_11_22 6
2_24_00 14, 6
1_23_22 5
7_13_08 8, 16, 4, 12, 5, 13, 1
5_27_18 12, 4, 8, 16, 5
1_8_16 14
3_25_02 4, 12, 16
5_30_20 14, 6, 10, 2, 7
1_7_12 16
1_2_08 1
7_29_12 10, 2, 6, 14, 7, 15, 3
8_31_08 8, 16, 4, 12, 5, 13, 1, 9
7_20_22 12, 4, 8, 16, 1, 9, 13
4_18_08 5, 13, 1, 9
3_8_16 6, 14, 10
3_21_20 12, 4, 8
2_3_12 7, 15
1_12_00 7
8_19_02 2, 10, 14, 6, 3, 11, 15, 7
5_8_22 13, 5, 9, 1, 2
2_26_20 9, 1
1_4_14 12
1_6_08 2
3_17_22 12, 4, 8
3_21_20 12, 4, 8
3_3_14 8, 16, 12
5_30_06 7, 15, 3, 11, 16
5_12_16 11, 3, 7, 15, 16
7_17_00 1, 9, 13, 5, 2, 10, 14
6_12_04 5, 13, 1, 9, 2, 10
7_6_12 8, 16, 4, 12, 5, 13, 1
7_21_08 6, 14, 2, 10, 7, 15, 3
5_10_16 11, 3, 7, 15, 8
2_23_10 7, 15
5_27_10 8, 16, 4, 12, 1
5_4_02 2, 10, 14, 6, 7
6_3_00 1, 9, 13, 5, 2, 10
4_4_08 5, 13, 1, 9
3_4_10 2, 10, 6
3_12_04 1, 9, 5
3_8_00 14, 6, 2
8_26_16 11, 3, 7, 15, 12, 4, 8, 16
8_28_18 12, 4, 8, 16, 13, 5, 9, 1
7_7_12 8, 16, 4, 12, 1, 9, 13
7_15_20 14, 6, 10, 2, 3, 11, 15
5_16_02 5, 13, 1, 9, 6
6_10_00 3, 11, 15, 7, 16, 8
4_22_18 11, 3, 7, 15
2_1_22 12, 4
8_6_08 6, 14, 2, 10, 7, 15, 3, 11
2_18_20 7, 15
5_20_10 6, 14, 2, 10, 11
7_6_20 12, 4, 8, 16, 9, 1, 5
5_4_18 10, 2, 6, 14, 15
3_3_08 5, 13, 9
3_26_22 10, 2, 6
8_4_02 2, 10, 14, 6, 3, 11, 15, 7
3_7_16 10, 2, 14
1_19_18 2
8_8_06 5, 13, 1, 9, 6, 14, 2, 10
8_4_06 4, 12, 16, 8, 5, 13, 1, 9
6_19_20 11, 3, 7, 15, 12, 4
4_17_20 11, 3, 7, 15
2_31_14 11, 3
3_18_06 16, 8, 12
3_23_22 13, 5, 1
7_19_08 5, 13, 1, 9, 14, 6, 10
5_14_10 9, 1, 5, 13, 2
7_27_08 7, 15, 3, 11, 16, 8, 12
1_2_02 14
1_18_10 2
5_11_16 11, 3, 7, 15, 4
5_17_14 8, 16, 4, 12, 9
2_11_00 3, 11
2_27_10 8, 16
2_15_12 10, 2
3_22_12 4, 12, 16
7_17_12 7, 15, 3, 11, 8, 16, 4
3_6_12 4, 12, 16
3_24_22 9, 1, 13
3_15_16 12, 4, 16
6_13_06 7, 15, 3, 11, 4, 12
7_2_16 9, 1, 5, 13, 6, 14, 2
1_27_04 13
3_5_10 7, 15, 3
1_26_16 7
4_2_02 2, 10, 14, 6
2_30_04 2, 10
6_10_12 9, 1, 5, 13, 6, 14
2_3_10 6, 14
8_6_10 7, 15, 3, 11, 8, 16, 4, 12
7_4_12 7, 15, 3, 11, 12, 4, 8
4_21_18 11, 3, 7, 15
1_23_08 14
7_28_04 5, 13, 1, 9, 10, 2, 6
3_28_00 15, 7, 3
2_24_14 5, 13
8_10_22 14, 6, 10, 2, 15, 7, 11, 3
6_17_16 9, 1, 5, 13, 10, 2
7_25_18 12, 4, 8, 16, 13, 5, 9
7_16_04 6, 14, 2, 10, 7, 15, 3
4_6_12 8, 16, 4, 12
1_10_08 3
4_31_06 7, 15, 3, 11
2_14_18 9, 1
3_7_14 9, 1, 13
4_2_00 1, 9, 13, 5
6_20_14 8, 16, 4, 12, 5, 13
2_19_08 5, 13
4_28_20 13, 5, 9, 1
8_30_00 4, 12, 16, 8, 1, 9, 13, 5
4_15_18 13, 5, 9, 1
7_6_12 8, 16, 4, 12, 5, 13, 1
1_19_20 3
7_24_08 6, 14, 2, 10, 11, 3, 7
2_31_18 13, 5
6_15_20 14, 6, 10, 2, 11, 3
4_23_10 7, 15, 3, 11
1_25_16 11
3_19_00 1, 9, 5
7_22_04 4, 12, 16, 8, 1, 9, 13
4_21_00 2, 10, 14, 6
7_22_02 3, 11, 15, 7, 16, 8, 12
2_26_06 2, 10
5_24_02 3, 11, 15, 7, 8
7_26_04 5, 13, 1, 9, 2, 10, 14
2_31_22 15, 7
3_8_20 8, 16, 12
2_1_02 2, 10
3_14_22 11, 3, 7
8_20_06 4, 12, 16, 8, 5, 13, 1, 9
6_11_14 10, 2, 6, 14, 11, 3
2_29_16 12, 4
5_20_00 1, 9, 13, 5, 6
4_5_12 8, 16, 4, 12
1_31_12 2
6_2_20 11, 3, 7, 15, 8, 16
4_6_18 11, 3, 7, 15
2_22_08 2, 10
6_31_12 10, 2, 6, 14, 7, 15
7_3_02 2, 10, 14, 6, 11, 3, 7
4_29_10 9, 1, 5, 13
4_30_12 10, 2, 6, 14
8_20_20 11, 3, 7, 15, 12, 4, 8, 16
2_17_14 8, 16
8_22_16 10, 2, 6, 14, 11, 3, 7, 15
5_30_02 5, 13, 1, 9, 14
3_16_18 9, 1, 13
5_6_12 8, 16, 4, 12, 5
8_18_06 4, 12, 16, 8, 5, 13, 1, 9
5_18_12 7, 15, 3, 11, 4
7_28_12 9, 1, 5, 13, 14, 6, 10
1_15_00 12
2_20_04 15, 7
4_31_08 8, 16, 12
8_14_08 8, 16, 4, 12, 5, 13, 1, 9
1_15_10 1
4_11_14 10, 2, 6, 14
1_21_06 5
8_26_16 11, 3, 7, 15, 12, 4, 8, 16
4_29_00 4,12, 16, 8
4_31_08 8, 16, 12
7_2_06 4, 12, 16, 8, 1, 9, 13
6_23_04 4, 12, 16, 8, 5, 13
6_7_20 12, 4, 8, 16, 13, 5
7_5_14 9, 1, 5, 13, 10, 2, 6
2_31_00 4,12
6_17_10 6, 14, 2, 10, 7, 15
1_11_02 12
5_8_02 3, 11, 15, 7, 8
5_30_10 9, 1, 5, 13, 2
3_18_10 2, 10, 14
5_16_14 11, 3, 7, 15, 12
1_1_20 11
6_28_22 14, 6, 10, 2, 11, 3
4_12_22 14, 6, 10, 2
1_6_06 1
2_30_06 3, 11
6_26_10 8, 16, 4, 12, 5, 13
3_8_20 8, 16, 12
1_18_18 6
7_12_22 14, 6, 10, 2, 3, 11, 15
4_4_04 3, 11, 15, 7
2_21_22 13, 5
7_25_14 10, 2, 6, 14, 11, 3, 7
2_11_08 7, 15
6_7_20 12, 4, 8, 16, 13, 5
3_22_16 6, 14, 2
3_22_12 4, 12, 16
4_14_02 5, 13, 1, 9
4_19_16 9, 1, 5, 13
1_18_22 8
8_26_02 4, 12, 16, 8, 5, 13, 1, 9
2_1_20 11, 3
3_13_08 8, 16, 4
3_19_20 11, 3, 15
2_5_00 2, 10
3_8_08 2, 10, 6
3_18_04 15, 7, 11
2_6_14 5, 13
1_5_06 5
2_27_10 8, 16
7_17_10 6, 14, 2, 10, 7, 15, 3
7_31_14 11, 3, 7, 15, 16, 8, 12
3_20_20 7, 15, 11
1_14_12 6
7_19_08 5, 13, 1, 9, 14, 6, 10
4_23_06 5, 13, 1, 9
8_3_04 3, 11, 15, 7, 4, 12, 16, 8
5_24_22 13, 5, 9, 1, 2
5_7_04 4, 12, 16, 8, 13
3_9_06 6, 14, 2
1_26_12 5
1_29_14 11
7_12_18 12, 4, 8, 16, 1, 9, 13
8_13_08 8, 16, 4, 12, 5, 13, 1, 9
8_7_02 3, 11, 15, 7, 4, 12, 16, 8
8_21_12 8, 16, 4, 12, 9, 1, 5, 13
8_27_20 13, 5, 9, 1, 14, 6, 10, 2
8_29_04 6, 14, 2, 10, 3, 11, 15, 7
1_2_06 16
2_3_10 6, 14
4_19_10 6, 14, 2, 10
4_11_04 5, 13, 1, 9
7_6_22 13, 5, 9, 1, 10, 2, 6
1_27_14 2
3_18_10 2, 10, 14
6_20_14 8, 16, 4, 12, 5, 13
4_18_08 5, 13, 1, 9
2_1_20 11, 3
5_31_16 12, 4, 8, 16, 1
8_31_14 11, 3, 7, 15, 8, 16, 4, 12
5_15_04 6, 14, 2, 10, 11
5_20_20 11, 3, 7, 15, 16
8_5_20 12, 4, 8, 16, 13, 5, 9, 1
8_23_18 11, 3, 7, 15, 12, 4, 8, 16
1_20_14 12
8_28_04 5, 13, 1, 9, 6, 14, 2, 10
7_3_14 8, 16, 4, 12, 1, 9, 13
8_21_14 9, 1, 5, 13, 10, 2, 6, 14
1_19_06 12
7_19_06 4, 12, 16, 8, 13, 5, 9
4_18_18 10, 2, 6, 14
4_21_06 5, 13, 1, 9
7_17_16 9, 1, 5, 13, 10, 2, 6
4_12_08 7, 15, 3, 11
2_5_00 2, 10
4_15_16 12, 4, 8, 16
1_8_22 1
2_17_14 8, 16
2_2_12 3, 11
2_11_12 9, 1
8_4_14 8, 16, 4, 12, 9, 1, 5, 13
4_10_20 13, 5, 9, 1
3_2_00 13, 5, 9
5_20_22 12, 4, 8, 16, 1
6_9_04 5, 13, 1, 9, 6, 14
5_30_04 6, 14, 2, 10, 15
1_14_12 6
3_12_02 16, 8, 4
7_1_10 6, 14, 2, 10, 7, 15, 3
7_3_12 7, 15, 3, 11, 16, 8, 12
2_24_20 8, 16
7_31_14 11, 3, 7, 15, 16, 8, 12
1_22_12 4
7_4_18 10, 2, 6, 14, 15, 7, 11
6_7_18 11, 3, 7, 15, 12, 4
8_7_22 13, 5, 9, 1, 14, 6, 10, 2
5_29_02 5, 13, 1, 9, 2
7_27_16 11, 3, 7, 15, 4, 12, 16
1_1_18 10
4_7_10 7, 15, 3, 11
7_14_18 13, 5, 9, 1, 6, 14, 2
6_11_12 9, 1, 5, 13, 10, 2
6_11_02 4, 12, 16, 8, 5, 13
1_2_10 2
7_2_12 7, 15, 3, 11, 4, 12, 16
4_8_12 8, 16, 4, 12
3_18_00 13, 5, 9
2_28_10 4, 12
4_18_06 4, 12, 16, 8
5_12_18 12, 4, 8, 16, 1
6_20_08 5, 13, 1, 9, 2, 10
6_18_20 11, 3, 7, 15, 8, 16
4_14_14 11, 3, 7, 15
6_1_14 8, 16, 4, 12, 9, 1
3_25_00 3, 11, 15
5_21_08 6, 14, 2, 10, 7
8_27_20 13, 5, 9, 1, 14, 6, 10, 2
1_23_00 10
1_20_10 10
7_7_10 7, 15, 3, 11, 16, 8, 12
4_25_10 8, 16, 4, 12
3_16_12 6, 14, 10
6_22_14 9, 1, 5, 13, 6, 14
7_18_08 5, 13, 1, 9, 2, 10, 14
7_30_00 4, 12, 16, 8, 13, 5, 9
6_2_14 8, 16, 4, 12, 5, 13
2_31_14 11, 3
1_16_06 11
3_11_02 4, 12, 8
2_16_02 1, 9
8_5_02 3, 11, 15, 7, 4, 12, 16, 8
3_18_14 4, 12, 16
5_2_18 10, 2, 6, 14, 7
2_1_06 4, 12
6_29_18 13, 5, 9, 1, 10, 2
5_25_14 10, 2, 6, 14, 11
4_17_12 7, 15, 3, 11
7_2_14 8, 16, 4, 12, 5, 13, 1
3_24_08 2, 10, 6
4_1_00 1, 9, 13, 5
7_31_00 4, 12, 16, 8, 9, 1, 5
1_30_06 3
2_18_00 13, 5
1_6_12 4
4_11_16 11, 3, 7, 15
5_30_08 8, 16, 4, 12, 1
4_4_04 3, 11, 15, 7
3_9_14 10, 2, 6
8_27_12 9, 1, 5, 13, 10, 2, 6, 14
4_17_08 5, 13, 1, 9
6_30_04 6, 14, 2, 10, 15, 7
5_7_18 11, 3, 7, 15, 4
4_12_06 6, 14, 2, 10
1_28_00 7
1_5_00 2
8_23_10 7, 15, 3, 11, 8, 16, 4, 12
3_10_14 6, 14, 2
6_14_16 12, 4, 8, 16, 5, 13
4_21_04 4, 12, 16, 8
5_25_10 8, 16, 4, 12, 9
6_30_14 11, 3, 7, 15, 4, 12
2_10_18 8, 16
3_15_02 5, 13, 9
5_27_02 4, 12, 16, 8, 13
3_28_10 4, 12, 8
6_22_02 3, 11, 15, 7, 16, 8
8_29_16 12, 4, 8, 16, 9, 1, 5, 13
1_8_06 9
8_1_02 2, 10, 14, 6, 3, 11, 15, 7
5_3_06 4, 12, 16, 8, 13
8_19_02 2, 10, 14, 6, 3, 11, 15, 7
1_23_12 16
4_9_04 5, 13, 1, 9
8_25_18 12, 4, 8, 16, 13, 5, 9, 1
3_23_12 8, 16, 12
4_6_16 10, 2, 6, 14
3_1_18 10, 2, 6
3_24_22 9, 1, 13
6_22_08 6, 14, 2, 10, 3, 11
2_2_04 15, 7
3_25_22 14, 6, 10
7_22_06 5, 13, 1, 9, 2, 10, 14
2_19_00 1, 9
3_30_10 5, 13, 1
3_19_10 6, 14, 10
6_28_16 11, 3, 7, 15, 8, 16
7_28_14 10, 2, 6, 14, 15, 7, 11
5_25_10 8, 16, 4, 12, 9
5_24_14 9, 1, 5, 13, 14
2_27_04 5, 13
2_7_16 10, 2
1_2_06 16
6_23_20 12, 4, 8, 16, 13, 5
7_10_02 4, 12, 16, 8, 1, 9, 13
1_22_10 3
2_17_02 2, 10
2_16_06 3, 11
8_10_10 8, 16, 4, 12, 9, 1, 5, 13
8_30_04 6, 14, 2, 10, 3, 11, 15, 7
1_1_08 5
5_15_04 6, 14, 2, 10, 11
5_26_20 13, 5, 9, 1, 10
7_26_12 9, 1, 5, 13, 6, 14, 2
5_3_14 8, 16, 4, 12, 1
5_21_16 10, 2, 6, 14, 11
5_22_04 4, 12, 16, 8, 1
1_13_20 14
4_22_04 4, 12, 16, 8
6_16_06 7, 15, 3, 11, 16, 8
5_12_02 4, 12, 16, 8, 9
3_31_00 4,12, 8
5_18_08 5, 13, 1, 9, 2
2_7_00 2, 10
6_11_02 4, 12, 16, 8, 5, 13
7_15_18 13, 5, 9, 1, 2, 10, 14
1_2_10 2
4_30_06 7, 15, 3, 11
8_17_04 3, 11, 15, 7, 4, 12, 16, 8
3_11_08 7, 15, 11
1_21_06 5
4_1_22 12, 4, 8, 16
7_6_00 2, 10, 14, 6, 15, 7, 11
5_17_12 7, 15, 3, 11, 8
6_14_06 7, 15, 3, 11, 16, 8
3_24_02 15, 7, 3
4_3_10 6, 14, 2, 10
5_30_22 15, 7, 11, 3, 8
7_25_16 11, 3, 7, 15, 12, 4, 8
4_1_10 6, 14, 2, 10
7_11_10 8, 16, 4, 12, 1, 9, 13
7_18_14 8, 16, 4, 12, 5, 13, 1
1_25_04 5
3_12_14 6, 14, 10
7_1_04 3, 11, 15, 7, 4, 12, 16
4_12_00 3, 11, 15, 7
1_23_06 13
5_5_00 2, 10, 14, 6, 3
1_21_20 12
7_17_14 8, 16, 4, 12, 9, 1, 5
3_8_08 2, 10, 6
1_18_12 3
3_23_18 11, 3, 15
7_8_20 12, 4, 8, 16, 1, 9, 13
8_22_12 8, 16, 4, 12, 9, 1, 5, 13
2_27_10 8, 16
2_17_00 1, 9
8_21_08 6, 14, 2, 10, 7, 15, 3, 11
4_7_10 7, 15, 3, 11
2_28_14 6, 14
4_30_08 8, 16, 4, 12
6_25_02 4, 12, 16, 8, 5, 13
3_31_16 12, 4, 16
1_2_04 15
8_9_12 9, 1, 5, 13, 10, 2, 6, 14
5_3_20 11, 3, 7, 15, 4
8_15_14 11, 3, 7, 15, 8, 16, 4, 12
1_27_22 6
8_18_18 10, 2, 6, 14, 11, 3, 7, 15
4_19_14 8, 16, 4, 12
6_14_04 6, 14, 2, 10, 15, 7
7_2_22 12, 4, 8, 16, 9, 1, 5
1_17_20 11
7_23_02 3, 11, 15, 7, 12, 4, 8
4_30_08 8, 16, 4, 12
2_24_22 9, 1
4_7_04 4, 12, 16, 8
4_26_22 14, 6, 10, 2
6_1_14 8, 16, 4, 12, 9, 1
4_4_14 8, 16, 4, 12
5_20_04 3, 11, 15, 7, 8
3_25_00 3, 11, 15
4_17_20 11, 3, 7, 15
6_6_22 13, 5, 9, 1, 10, 2
3_4_00 13, 5, 1
1_18_22 8
5_2_02 2, 10, 14, 6, 15
4_26_08 7, 15, 3, 11
1_13_20 14
7_20_20 11, 3, 7, 15, 16, 8, 12
8_6_04 4, 12, 16, 8, 5, 13, 1, 9
6_9_14 10, 2, 6, 14, 11, 3
4_7_00 2, 10, 14, 6
8_25_06 6, 14, 2, 10, 7, 15, 3, 11
6_13_18 13, 5, 9, 1, 10, 2
3_19_14 8, 16, 12
6_14_00 4, 12, 16, 8, 13, 5
5_3_04 3, 11, 15, 7, 12
8_31_12 10, 2, 6, 14, 7, 15, 3, 11
5_24_18 11, 3, 7, 15, 16
4_25_22 14, 6, 10, 2
5_5_00 2, 10, 14, 6, 3
7_4_06 4, 12, 16, 8, 9, 1, 5
8_6_16 10, 2, 6, 14, 11, 3, 7, 15
1_20_06 8
5_14_14 11, 3, 7, 15, 4
4_18_08 5, 13, 1, 9
7_8_20 12, 4, 8, 16, 1, 9, 13
1_29_00 4
4_9_10 8, 16, 4, 12
1_18_14 4
4_18_12 7, 15, 3, 11
4_8_04 4, 12, 16, 8
5_19_08 5, 13, 1, 9, 14
3_23_12 8, 16, 12
4_21_20 12, 4, 8, 16
3_26_14 6, 14, 2
6_26_06 6, 14, 2, 10, 3, 11
6_18_02 2, 10, 14, 6, 15, 7
4_20_22 12, 4, 8, 16
3_15_16 12, 4, 16
3_5_08 6, 14, 2
8_31_04 6, 14, 2, 10, 3, 11, 15, 7
4_9_22 14, 6, 10, 2
3_15_02 5, 13, 9
2_8_16 6, 14
4_2_12 7, 15, 3, 11
2_7_22 13, 5
3_18_20 7, 15, 3
4_5_16 10, 2, 6, 14
2_19_10 6, 14
1_28_22 2
7_28_02 4, 12, 16, 8, 9, 1, 5
8_24_18 11, 3, 7, 15, 12, 4, 8, 16
2_29_00 4,12
2_9_04 5, 13
2_2_20 7, 15
8_14_02 5, 13, 1, 9, 2, 10, 14, 6
5_18_10 6, 14, 2, 10, 3
1_17_12 7
7_8_06 5, 13, 1, 9, 10, 2, 6
8_28_22 14, 6, 10, 2, 15, 7, 11, 3
5_23_14 9, 1, 5, 13, 2
2_19_04 3, 11
3_11_04 5, 13, 9
5_3_00 1, 9, 13, 5, 10
4_30_06 7, 15, 3, 11
6_12_14 10, 2, 6, 14, 7, 15
1_8_22 1
5_12_12 9, 1, 5, 13, 14
4_11_22 14, 6, 10, 2
1_31_04 14
2_17_20 11, 3
2_11_14 10, 2
2_26_12 5, 13
1_14_22 11
3_12_04 1, 9, 5
3_10_20 9, 1, 5
8_14_10 9, 1, 5, 13, 6, 14, 2, 10
8_15_08 8, 16, 4, 12, 5, 13, 1, 9
2_12_16 7, 15
7_23_04 4, 12, 16, 8, 13, 5, 9
2_21_22 13, 5
6_26_04 5, 13, 1, 9, 2, 10
5_19_02 2, 10, 14, 6, 11
3_28_08 3, 11, 7
3_22_00 14, 6, 10
4_19_20 11, 3, 7, 15
6_14_06 7, 15, 3, 11, 16, 8
4_7_08 6, 14, 2, 10
2_26_04 1, 9
6_16_04 6, 14, 2, 10, 15, 7
8_17_18 10, 2, 6, 14, 11, 3, 7, 15
5_23_04 4, 12, 16, 8, 13
2_5_02 3, 11
7_8_20 12, 4, 8, 16, 1, 9, 13
4_24_12 8, 16, 4, 12
3_1_22 12, 4, 8
5_3_22 12, 4, 8, 16, 5
7_29_02 5, 13, 1, 9, 2, 10, 14
4_17_18 10, 2, 6, 14
5_20_20 11, 3, 7, 15, 16
1_3_06 12
6_23_06 5, 13, 1, 9, 6, 14
3_17_04 3, 11, 15
2_28_22 10, 2
8_7_00 2, 10, 14, 6, 3, 11, 15, 7
2_16_04 2, 10
4_16_16 12, 4, 8, 16
2_24_12 4, 12
8_23_20 12, 4, 8, 16, 13, 5, 9, 1
4_18_16 9, 1, 5, 13
7_8_10 7, 15, 3, 11, 12, 4, 8
4_27_10 8, 16, 4, 12
4_6_04 4, 12, 16, 8
4_30_02 5, 13, 1, 9
3_25_08 7, 15, 3
4_22_22 13, 5, 9, 1
5_23_22 13, 5, 9, 1, 6
6_23_04 4, 12, 16, 8, 5, 13
5_28_10 8, 16, 4, 12, 13
2_26_00 15, 7
8_22_10 7, 15, 3, 11, 8, 16, 4, 12
2_27_14 10, 2
2_5_04 4, 12
1_30_08 4
8_14_20 14, 6, 10, 2, 11, 3, 7, 15
1_6_16 6
2_27_10 8, 16
1_29_20 14
8_27_16 11, 3, 7, 15, 12, 4, 8, 16
3_18_00 13, 5, 9
8_21_18 11, 3, 7, 15, 12, 4, 8, 16
1_20_16 13
1_16_16 16
1_7_18 3
4_5_22 13, 5, 9, 1
6_14_20 14, 6, 10, 2, 7, 15
5_19_22 12, 4, 8, 16, 5
5_23_22 13, 5, 9, 1, 6
7_20_02 2, 10, 14, 6, 7, 15, 3
3_10_08 3, 11, 15
1_19_08 13
4_28_02 4, 12, 16, 8
3_6_04 16, 8, 12
2_16_18 9, 1
3_30_16 8, 16, 4
4_30_06 7, 15, 3, 11
6_30_10 9, 1, 5, 13, 2, 10
2_20_10 2, 10
7_17_12 7, 15, 3, 11, 8, 16, 4
8_26_02 4, 12, 16, 8, 5, 13, 1, 9
1_3_04 11
4_26_10 8, 16, 4, 12
8_13_20 14, 6, 10, 2, 11, 3, 7, 15
7_2_06 4, 12, 16, 8, 1, 9, 13
2_15_16 12, 4
3_18_06 16, 8, 12
1_27_00 11
8_4_06 4, 12, 16, 8, 5, 13, 1, 9
8_25_18 12, 4, 8, 16, 13, 5, 9, 1
5_3_02 2, 10, 14, 6, 11
2_27_16 11, 3
5_12_16 11, 3, 7, 15, 16
8_1_16 9, 1, 5, 13, 10, 2, 6, 14
4_23_00 2, 10, 14, 6
7_17_12 7, 15, 3, 11, 8, 16, 4
8_14_16 12, 4, 8, 16, 9, 1, 5, 13
8_15_22 15, 7, 11, 3, 12, 4, 8, 16
2_26_08 3, 11
6_22_20 12, 4, 8, 16, 9, 1
7_16_06 7, 15, 3, 11, 8, 16, 4
1_4_14 12
6_8_16 10, 2, 6, 14, 7, 15
6_19_16 9, 1, 5, 13, 10, 2
1_7_14 1
6_6_10 7, 15, 3, 11, 4, 12
3_15_00 4,12, 8
8_10_20 13, 5, 9, 1, 14, 6, 10, 2
1_2_02 14
1_17_16 9
5_28_14 10, 2, 6, 14, 15
6_22_10 7, 15, 3, 11, 4, 12
3_29_22 15, 7, 11
6_5_16 10, 2, 6, 14, 11, 3
2_6_02 15, 7
1_11_04 13
6_3_18 10, 2, 6, 14, 11, 3
8_5_10 7, 15, 3, 11, 8, 16, 4, 12
3_2_08 1, 9, 13
4_24_12 8, 16, 4, 12
7_15_02 5, 13, 1, 9, 10, 2, 6
2_30_18 9, 1
7_15_08 8, 16, 4, 12, 13, 5, 9
6_4_16 9, 1, 5, 13, 6, 14
7_9_20 13, 5, 9, 1, 14, 6, 10
2_22_12 4, 12
2_8_12 4, 12
7_20_12 7, 15, 3, 11, 12, 4, 8
3_31_20 14, 6, 2
7_4_20 11, 3, 7, 15, 16, 8, 12
8_17_22 12, 4, 8, 16, 13, 5, 9, 1
7_2_22 12, 4, 8, 16, 9, 1, 5
3_2_22 8, 16, 4
4_22_00 2, 10, 14, 6
5_13_02 5, 13, 1, 9, 2
2_9_06 6, 14
6_21_18 11, 3, 7, 15, 12, 4
1_20_14 12
4_25_14 10, 2, 6, 14
4_30_04 6, 14, 2, 10
5_19_16 9, 1, 5, 13, 2
5_16_04 6, 14, 2, 10, 7
3_9_08 7, 15, 3
3_20_04 15, 7, 3
4_15_16 12, 4, 8, 16
1_16_04 10
8_9_04 5, 13, 1, 9, 6, 14, 2, 10
5_19_12 7, 15, 3, 11, 16
6_25_20 13, 5, 9, 1, 14, 6
4_1_04 3, 11, 15, 7
7_13_14 11, 3, 7, 15, 8, 16, 4
8_24_20 12, 4, 8, 16, 13, 5, 9, 1
3_16_12 6, 14, 10
8_7_16 10, 2, 6, 14, 11, 3, 7, 15
5_18_22 12, 4, 8, 16, 9
6_11_02 4, 12, 16, 8, 5, 13
7_30_14 11, 3, 7, 15, 4, 12, 16
2_15_06 7, 15
3_31_06 7, 15, 11
4_19_06 4, 12, 16, 8
7_31_00 4, 12, 16, 8, 9, 1, 5
3_15_02 5, 13, 9
7_24_22 13, 5, 9, 1, 2, 10, 14
5_7_06 5, 13, 1, 9, 14
7_20_04 3, 11, 15, 7, 8, 16, 4
7_19_10 6, 14, 2, 10, 15, 7, 11
6_22_22 13, 5, 9, 1, 10, 2
7_11_18 12, 4, 8, 16, 5, 13, 1
4_29_20 14, 6, 10, 2
3_24_02 15, 7, 3
7_18_06 4, 12, 16, 8, 1, 9, 13
4_7_20 12, 4, 8, 16
5_6_18 11, 3, 7, 15, 8
6_22_00 2, 10, 14, 6, 15, 7
6_6_16 10, 2, 6, 14, 7, 15
2_25_08 7, 15
4_5_04 4, 12, 16, 8
3_6_02 15, 7, 11
7_4_00 1, 9, 13, 5, 6, 14, 2
7_29_20 14, 6, 10, 2, 11, 3, 7
5_17_12 7, 15, 3, 11, 8
5_31_06 7, 15, 3, 11, 12
8_21_10 7, 15, 3, 11, 8, 16, 4, 12
8_19_06 4, 12, 16, 8, 5, 13, 1, 9
2_20_16 5, 13
3_27_02 4, 12, 8
6_6_00 2, 10, 14, 6, 15, 7
7_9_00 3, 11, 15, 7, 4, 12, 16
6_31_18 13, 5, 9, 1, 10, 2
6_7_08 6, 14, 2, 10, 7, 15
2_7_10 7, 15
6_30_00 4, 12, 16, 8, 13, 5
1_30_12 6
1_16_16 16
7_8_06 5, 13, 1, 9, 10, 2, 6
4_14_06 7, 15, 3, 11
6_25_16 11, 3, 7, 15, 12, 4
3_28_08 3, 11, 7
5_12_14 10, 2, 6, 14, 15
7_20_22 12, 4, 8, 16, 1, 9, 13
8_22_08 6, 14, 2, 10, 7, 15, 3, 11
7_13_00 4, 12, 16, 8, 1, 9, 13
1_9_00 3
5_16_16 12, 4, 8, 16, 13
3_7_14 9, 1, 13
6_29_22 15, 7, 11, 3, 12, 4
3_4_12 3, 11, 7
2_30_06 3, 11
8_9_18 12, 4, 8, 16, 13, 5, 9, 1
2_23_18 11, 3
2_20_20 7, 15
6_11_20 13, 5, 9, 1, 14, 6
7_17_00 1, 9, 13, 5, 2, 10, 14
3_28_04 1, 9, 5
6_5_20 12, 4, 8, 16, 13, 5
3_22_16 6, 14, 2
1_16_20 2
7_2_04 3, 11, 15, 7, 16, 8, 12
4_24_10 7, 15, 3, 11
6_24_06 5, 13, 1, 9, 2, 10
4_19_00 1, 9, 13, 5
1_25_02 4
7_1_16 9, 1, 5, 13, 10, 2, 6
7_1_10 6, 14, 2, 10, 7, 15, 3
1_29_02 5
2_9_04 5, 13
3_28_04 1, 9, 5
2_10_08 3, 11
7_10_14 10, 2, 6, 14, 7, 15, 3
5_24_14 9, 1, 5, 13, 14
3_21_02 3, 11, 15
2_12_14 6, 14
2_30_06 3, 11
8_6_04 4, 12, 16, 8, 5, 13, 1, 9
4_23_06 5, 13, 1, 9
4_28_06 6, 14, 2, 10
5_28_14 10, 2, 6, 14, 15
5_20_10 6, 14, 2, 10, 11
1_30_08 4
6_23_22 13, 5, 9, 1, 14, 6
3_6_04 16, 8, 12
5_6_06 5, 13, 1, 9, 2
7_2_02 2, 10, 14, 6, 15, 7, 11
4_8_04 4, 12, 16, 8
7_19_14 8, 16, 4, 12, 1, 9, 13
6_3_02 2, 10, 14, 6, 3, 11
6_19_02 2, 10, 14, 6, 3, 11
3_27_02 4, 12, 8
2_15_00 4,12
4_28_16 11, 3, 7, 15
3_8_22 9, 1, 13
2_17_12 7, 15
7_21_08 6, 14, 2, 10, 7, 15, 3
8_22_06 5, 13, 1, 9, 6, 14, 2, 10
4_22_20 12, 4, 8, 16
2_17_14 8, 16
2_27_14 10, 2
4_25_04 5, 13, 1, 9
7_15_12 10, 2, 6, 14, 15, 7, 11
6_11_04 5, 13, 1, 9, 6, 14
5_28_14 10, 2, 6, 14, 15
5_9_12 9, 1, 5, 13, 10
3_24_12 4, 12, 8
6_18_12 7, 15, 3, 11, 4, 12
5_15_14 11, 3, 7, 15, 16
8_12_06 6, 14, 2, 10, 7, 15, 3, 11
6_3_16 9, 1, 5, 13, 10, 2
7_8_06 5, 13, 1, 9, 10, 2, 6
8_26_10 8, 16, 4, 12, 9, 1, 5, 13
2_6_10 3, 11
1_29_18 13
1_3_22 4
8_6_18 11, 3, 7, 15, 12, 4, 8, 16
2_8_20 8, 16
5_5_22 13, 5, 9, 1, 14
1_20_12 11
1_27_12 1
4_2_22 12, 4, 8, 16
2_25_06 6, 14
4_8_16 10, 2, 6, 14
3_7_14 9, 1, 13
8_15_04 6, 14, 2, 10, 3, 11, 15, 7
5_6_16 10, 2, 6, 14, 7
8_15_10 9, 1, 5, 13, 6, 14, 2, 10
3_10_14 6, 14, 2
5_18_08 5, 13, 1, 9, 2
2_23_00 2, 10
8_13_12 10, 2, 6, 14, 7, 15, 3, 11
5_1_14 8, 16, 4, 12, 9
4_15_00 4,12, 16, 8
6_2_14 8, 16, 4, 12, 5, 13
4_24_08 6, 14, 2, 10
5_18_16 9, 1, 5, 13, 6
3_4_12 3, 11, 7
2_17_08 5, 13
7_10_16 11, 3, 7, 15, 8, 16, 4
1_13_08 8
1_7_10 15
8_1_04 3, 11, 15, 7, 4, 12, 16, 8
1_15_06 15
3_30_12 6, 14, 2
6_19_14 8, 16, 4, 12, 9, 1
3_22_06 1, 9, 13
4_21_06 5, 13, 1, 9
6_24_10 7, 15, 3, 11, 4, 12
1_13_08 8
8_13_12 10, 2, 6, 14, 7, 15, 3, 11
8_28_16 11, 3, 7, 15, 12, 4, 8, 16
8_17_00 1, 9, 13, 5, 2, 10, 14, 6
3_28_10 4, 12, 8
7_25_04 5, 13, 1, 9, 6, 14, 2
8_19_02 2, 10, 14, 6, 3, 11, 15, 7
2_24_14 5, 13
2_3_02 2, 10
7_28_04 5, 13, 1, 9, 10, 2, 6
8_28_14 10, 2, 6, 14, 11, 3, 7, 15
1_27_04 13
6_24_00 2, 10, 14, 6, 15, 7
3_29_14 11, 3, 7
7_10_18 12, 4, 8, 16, 9, 1, 5
7_16_08 8, 16, 4, 12, 9, 1, 5
1_11_00 11
7_3_00 1, 9, 13, 5, 10, 2, 6
1_29_22 15
8_13_00 4, 12, 16, 8, 1, 9, 13, 5
6_19_22 12, 4, 8, 16, 13, 5
2_4_10 2, 10
4_12_10 8, 16, 4, 12
8_4_04 3, 11, 15, 7, 4, 12, 16, 8
5_22_16 10, 2, 6, 14, 7
6_18_16 9, 1, 5, 13, 6, 14
2_29_20 14, 6
2_27_16 11, 3
6_26_16 11, 3, 7, 15, 8, 16
5_8_00 2, 10, 14, 6, 7
6_16_04 6, 14, 2, 10, 15, 7
7_10_10 8, 16, 4, 12, 5, 13, 1
1_27_12 1
3_1_20 11, 3, 7
1_19_16 1
6_30_22 15, 7, 11, 3, 8, 16
4_10_10 8, 16, 4, 12
8_16_10 9, 1, 5, 13, 6, 14, 2, 10
6_12_12 9, 1, 5, 13, 6, 14
7_4_04 3, 11, 15, 7, 8, 16, 4
6_11_06 6, 14, 2, 10, 7, 15
4_7_22 13, 5, 9, 1
2_19_14 8, 16
6_3_08 5, 13, 1, 9, 6, 14
6_1_00 1, 9, 13, 5, 2, 10
5_3_12 7, 15, 3, 11, 16
7_9_16 11, 3, 7, 15, 12, 4, 8
2_3_10 6, 14
1_13_14 11
6_24_04 4, 12, 16, 8, 1, 9
2_31_18 13, 5
7_28_02 4, 12, 16, 8, 9, 1, 5
3_5_18 11, 3, 7
3_4_02 14, 6, 2
1_27_22 6
8_23_06 5, 13, 1, 9, 6, 14, 2, 10
3_4_10 2, 10, 6
2_19_22 12, 4
6_22_08 6, 14, 2, 10, 3, 11
7_25_10 8, 16, 4, 12, 9, 1, 5
2_20_22 8, 16
3_1_22 12, 4, 8
8_24_08 6, 14, 2, 10, 7, 15, 3, 11
1_16_12 14
3_28_06 2, 10, 6
7_21_02 3, 11, 15, 7, 4, 12, 16
5_6_04 4, 12, 16, 8, 1
1_4_08 9
2_14_20 10, 2
2_18_16 5, 13
4_20_04 3, 11, 15, 7
6_27_02 4, 12, 16, 8, 5, 13
1_15_08 16
2_16_08 4, 12
3_2_08 1, 9, 13
3_15_02 5, 13, 9
1_28_00 7
3_2_12 3, 11, 15
3_3_02 2, 10, 6
2_25_18 12, 4
8_6_14 9, 1, 5, 13, 10, 2, 6, 14
2_23_04 4, 12
2_19_06 4, 12
1_5_04 4
6_9_06 6, 14, 2, 10, 7, 15
7_24_00 2, 10, 14, 6, 7, 15, 3
8_2_00 1, 9, 13, 5, 2, 10, 14, 6
2_18_08 1, 9
5_9_16 11, 3, 7, 15, 12
2_6_14 5, 13
6_21_20 12, 4, 8, 16, 13, 5
3_4_22 8, 16, 12
7_5_00 2, 10, 14, 6, 3, 11, 15
1_24_02 7
8_2_20 11, 3, 7, 15, 12, 4, 8, 16
3_27_00 3, 11, 7
4_1_10 6, 14, 2, 10
7_28_02 4, 12, 16, 8, 9, 1, 5
4_3_00 1, 9, 13, 5
6_26_06 6, 14, 2, 10, 3, 11
2_31_18 13, 5
5_30_10 9, 1, 5, 13, 2
2_14_02 1, 9
1_26_16 7
1_18_14 4
8_4_04 3, 11, 15, 7, 4, 12, 16, 8
6_7_18 11, 3, 7, 15, 12, 4
5_20_08 5, 13, 1, 9, 10
2_16_06 3, 11
6_30_20 14, 6, 10, 2, 7, 15
5_28_02 4, 12, 16, 8, 9
7_5_18 11, 3, 7, 15, 12, 4, 8
6_27_08 7, 15, 3, 11, 8, 16
6_1_16 9, 1, 5, 13, 10, 2
5_7_14 9, 1, 5, 13, 2
1_2_10 2
5_2_22 12, 4, 8, 16, 9
4_3_20 11, 3, 7, 15
3_31_04 6, 14, 10
6_5_08 6, 14, 2, 10, 7, 15
4_14_18 13, 5, 9, 1
3_29_16 12, 4, 8
5_10_18 12, 4, 8, 16, 9
8_5_20 12, 4, 8, 16, 13, 5, 9, 1
6_15_16 12, 4, 8, 16, 9, 1
7_7_04 4, 12, 16, 8, 13, 5, 9
4_20_10 6, 14, 2, 10
2_26_16 7, 15
3_14_14 7, 15, 3
4_17_10 6, 14, 2, 10
4_20_16 9, 1, 5, 13
6_22_10 7, 15, 3, 11, 4, 12
2_2_20 7, 15
3_27_22 14, 6, 2
6_16_22 15, 7, 11, 3, 8, 16
2_24_20 8, 16
3_28_06 2, 10, 6
2_18_04 15, 7
1_21_06 5
5_5_10 7, 15, 3, 11, 8
7_17_14 8, 16, 4, 12, 9, 1, 5
8_17_12 7, 15, 3, 11, 8, 16, 4, 12
1_6_04 16
1_7_14 1
5_3_02 2, 10, 14, 6, 11
3_1_22 12, 4, 8
2_20_16 5, 13
1_12_00 7
1_24_02 7
4_30_02 5, 13, 1, 9
7_25_22 14, 6, 10, 2, 15, 7, 11
8_10_10 8, 16, 4, 12, 9, 1, 5, 13
5_5_16 10, 2, 6, 14, 11
8_30_18 13, 5, 9, 1, 10, 2, 6, 14
4_20_02 2, 10, 14, 6
7_18_20 11, 3, 7, 15, 8, 16, 4
6_31_14 11, 3, 7, 15, 8, 16
3_29_00 4,12, 16
8_6_18 11, 3, 7, 15, 12, 4, 8, 16
6_13_06 7, 15, 3, 11, 4, 12
4_18_22 12, 4, 8, 16
7_30_20 14, 6, 10, 2, 7, 15, 3
5_14_04 6, 14, 2, 10, 15
3_22_06 1, 9, 13
4_21_08 6, 14, 2, 10
2_25_14 10, 2
8_27_20 13, 5, 9, 1, 14, 6, 10, 2
8_23_16 10, 2, 6, 14, 11, 3, 7, 15
1_15_14 3
8_4_20 11, 3, 7, 15, 12, 4, 8, 16
4_22_08 6, 14, 2, 10
5_29_00 4, 12, 16, 8, 1
8_15_10 9, 1, 5, 13, 6, 14, 2, 10
2_29_04 6, 14
3_24_18 7, 15, 11
2_9_16 11, 3
1_11_12 1
7_21_12 8, 16, 4, 12, 9, 1, 5
3_31_16 12, 4, 16
4_22_14 9, 1, 5, 13
7_18_10 6, 14, 2, 10, 3, 11, 15
5_14_06 7, 15, 3, 11, 16
6_25_04 5, 13, 1, 9, 6, 14
3_16_22 11, 3, 15
1_14_00 16
6_18_16 9, 1, 5, 13, 6, 14
3_24_06 1, 9, 5
5_10_02 4, 12, 16, 8, 1
1_4_14 12
7_24_20 12, 4, 8, 16, 1, 9, 13
4_22_18 11, 3, 7, 15
3_21_20 12, 4, 8
7_30_22 15, 7, 11, 3, 8, 16, 4
6_10_20 13, 5, 9, 1, 10, 2
1_9_02 4
3_24_10 3, 11, 7
5_5_20 12, 4, 8, 16, 13
1_14_06 3
1_11_08 15
1_11_06 14
3_25_04 5, 13, 1
5_19_22 12, 4, 8, 16, 5
2_19_10 6, 14
7_3_02 2, 10, 14, 6, 11, 3, 7
6_27_02 4, 12, 16, 8, 5, 13
6_31_10 9, 1, 5, 13, 6, 14
5_9_04 5, 13, 1, 9, 6
4_24_12 8, 16, 4, 12
2_31_16 12, 4
6_10_22 14, 6, 10, 2, 11, 3
6_24_14 9, 1, 5, 13, 6, 14
5_8_02 3, 11, 15, 7, 8
3_16_16 8, 16, 12
1_10_10 4
4_10_06 6, 14, 2, 10
4_24_06 5, 13, 1, 9
8_8_16 10, 2, 6, 14, 11, 3, 7, 15
6_24_04 4, 12, 16, 8, 1, 9
1_25_00 3
3_20_10 2, 10, 6
3_4_04 15, 7, 3
3_17_12 7, 15, 3
2_3_08 5, 13
3_16_08 4, 12, 8
7_22_18 11, 3, 7, 15, 8, 16, 4
3_23_00 2, 10, 6
5_19_10 6, 14, 2, 10, 15
4_5_12 8, 16, 4, 12
5_31_06 7, 15, 3, 11, 12
1_11_22 6
2_17_16 9, 1
2_7_00 2, 10
4_17_06 4, 12, 16, 8
3_24_02 15, 7, 3
6_12_02 4, 12, 16, 8, 1, 9
8_9_18 12, 4, 8, 16, 13, 5, 9, 1
7_7_18 11, 3, 7, 15, 4, 12, 16
2_13_14 11, 3
3_16_06 3, 11, 7
2_22_12 4, 12
2_28_18 8, 16
1_9_02 4
8_11_08 7, 15, 3, 11, 8, 16, 4, 12
5_22_00 2, 10, 14, 6, 15
7_3_16 9, 1, 5, 13, 2, 10, 14
8_19_08 5, 13, 1, 9, 6, 14, 2, 10
4_31_00 4,12, 16, 8
1_14_12 6
4_15_14 11, 3, 7, 15
4_19_08 5, 13, 1, 9
3_7_06 5, 13, 9
2_9_14 10, 2
6_1_06 4, 12, 16, 8, 5, 13
3_29_06 7, 15, 3
5_28_02 4, 12, 16, 8, 9
7_24_22 13, 5, 9, 1, 2, 10, 14
4_28_22 14, 6, 10, 2
8_7_04 4, 12, 16, 8, 5, 13, 1, 9
1_15_04 14
1_14_22 11
5_20_14 8, 16, 4, 12, 13
5_23_16 10, 2, 6, 14, 3
2_9_02 4, 12
7_12_14 10, 2, 6, 14, 15, 7, 11
1_16_06 11
7_20_12 7, 15, 3, 11, 12, 4, 8
3_23_18 11, 3, 15
8_27_00 3, 11, 15, 7, 4, 12, 16, 8
2_10_06 2, 10
2_12_22 10, 2
7_30_00 4, 12, 16, 8, 13, 5, 9
2_16_02 1, 9
2_11_16 11, 3
7_19_18 10, 2, 6, 14, 3, 11, 15
1_4_18 14
8_31_18 13, 5, 9, 1, 10, 2, 6, 14
7_17_20 11, 3, 7, 15, 12, 4, 8
8_29_04 6, 14, 2, 10, 3, 11, 15, 7
5_17_02 2, 10, 14, 6, 3
6_1_04 3, 11, 15, 7, 4, 12
2_23_04 4, 12
7_24_18 11, 3, 7, 15, 16, 8, 12
6_28_08 7, 15, 3, 11, 4, 12
7_19_22 12, 4, 8, 16, 5, 13, 1
3_8_00 14, 6, 2
1_24_16 14
5_24_14 9, 1, 5, 13, 14
6_4_20 11, 3, 7, 15, 8, 16
7_19_02 2, 10, 14, 6, 11, 3, 7
3_11_18 12, 4, 16
1_22_02 15
4_8_22 13, 5, 9, 1
6_2_12 7, 15, 3, 11, 4, 12
4_12_10 8, 16, 4, 12
1_7_18 3
3_26_04 1, 9, 13
8_26_06 6, 14, 2, 10, 7, 15, 3, 11
7_19_16 9, 1, 5, 13, 2, 10, 14
4_1_00 1, 9, 13, 5
4_26_16 11, 3, 7, 15
6_17_18 10, 2, 6, 14, 11, 3
4_15_04 6, 14, 2, 10
1_17_08 5
4_4_10 6, 14, 2, 10
8_5_20 12, 4, 8, 16, 13, 5, 9, 1
3_26_18 8, 16, 4
3_26_06 2, 10, 14
1_31_10 1
5_22_08 6, 14, 2, 10, 3
6_14_12 10, 2, 6, 14, 3, 11
3_1_00 1, 9, 13
3_9_00 3, 11, 15
4_26_00 3, 11, 15, 7
8_5_22 13, 5, 9, 1, 14, 6, 10, 2
8_23_12 8, 16, 4, 12, 9, 1, 5, 13
8_24_12 8, 16, 4, 12, 9, 1, 5, 13
8_2_22 12, 4, 8, 16, 13, 5, 9, 1
1_27_18 4
2_26_18 8, 16
7_9_16 11, 3, 7, 15, 12, 4, 8
2_11_20 13, 5
2_6_10 3, 11
3_23_20 12, 4, 16
4_5_16 10, 2, 6, 14
2_9_02 4, 12
1_10_18 8
4_28_22 14, 6, 10, 2
6_3_04 3, 11, 15, 7, 4, 12
6_1_22 12, 4, 8, 16, 13, 5
3_24_02 15, 7, 3
7_18_04 3, 11, 15, 7, 16, 8, 12
6_8_12 8, 16, 4, 12, 5, 13
3_11_10 8, 16, 12
6_8_00 2, 10, 14, 6, 15, 7
5_6_08 6, 14, 2, 10, 3
3_26_18 8, 16, 4
5_1_00 1, 9, 13, 5, 2
5_10_02 4, 12, 16, 8, 1
2_4_18 6, 14
5_4_02 2, 10, 14, 6, 7
4_19_12 7, 15, 3, 11
6_9_02 4, 12, 16, 8, 5, 13
7_7_14 9, 1, 5, 13, 2, 10, 14
5_2_00 1, 9, 13, 5, 14
4_24_00 2, 10, 14, 6
2_7_08 6, 14
1_5_22 13
6_30_04 6, 14, 2, 10, 15, 7
3_3_22 12, 4, 16
8_16_06 7, 15, 3, 11, 4, 12, 16, 8
8_27_16 11, 3, 7, 15, 12, 4, 8, 16
1_31_06 15
2_30_12 6, 14
3_2_14 4, 12, 16
8_30_22 15, 7, 11, 3, 12, 4, 8, 16
6_30_18 13, 5, 9, 1, 6, 14
2_3_16 9, 1
6_12_12 9, 1, 5, 13, 6, 14
5_25_06 6, 14, 2, 10, 7
2_3_10 6, 14
5_26_02 4, 12, 16, 8, 1
3_3_10 6, 14, 10
4_30_16 12, 4, 8, 16
5_12_22 14, 6, 10, 2, 3
1_17_08 5
3_29_02 5, 13, 1
5_27_14 10, 2, 6, 14, 3
7_21_22 13, 5, 9, 1, 14, 6, 10
2_24_08 2, 10
2_18_04 15, 7
1_29_20 14
7_11_22 14, 6, 10, 2, 7, 15, 3
3_16_08 4, 12, 8
6_11_02 4, 12, 16, 8, 5, 13
2_16_00 16, 8
5_6_10 7, 15, 3, 11, 4
6_23_20 12, 4, 8, 16, 13, 5
2_20_06 16, 8
4_6_02 3, 11, 15, 7
6_7_00 2, 10, 14, 6, 3, 11
6_2_08 5, 13, 1, 9, 2, 10
3_18_22 8, 16, 4
3_25_00 3, 11, 15
5_7_18 11, 3, 7, 15, 4
5_16_10 9, 1, 5, 13, 10
3_25_04 5, 13, 1
2_10_18 8, 16
2_19_10 6, 14
6_13_08 8, 16, 4, 12, 5, 13
8_23_22 13, 5, 9, 1, 14, 6, 10, 2
8_10_20 13, 5, 9, 1, 14, 6, 10, 2
4_18_18 10, 2, 6, 14
5_21_20 12, 4, 8, 16, 13
2_13_12 10, 2
3_14_02 1, 9, 13
5_16_06 7, 15, 3, 11, 8
2_13_20 14, 6
4_19_22 12, 4, 8, 16
6_3_16 9, 1, 5, 13, 10, 2
1_19_14 16
2_30_08 4, 12
6_21_04 4, 12, 16, 8, 5, 13
5_3_12 7, 15, 3, 11, 16
2_20_12 3, 11
3_11_14 10, 2, 14
2_11_18 12, 4
7_5_00 2, 10, 14, 6, 3, 11, 15
7_22_02 3, 11, 15, 7, 16, 8, 12
7_1_00 1, 9, 13, 5, 2, 10, 14
1_12_12 13
8_18_16 9, 1, 5, 13, 10, 2, 6, 14
4_5_16 10, 2, 6, 14
7_29_12 10, 2, 6, 14, 7, 15, 3
3_13_18 13, 5, 9
5_3_14 8, 16, 4, 12, 1
7_31_04 6, 14, 2, 10, 11, 3, 7
1_5_22 13
8_16_10 9, 1, 5, 13, 6, 14, 2, 10
1_9_10 8
7_25_14 10, 2, 6, 14, 11, 3, 7
6_6_22 13, 5, 9, 1, 10, 2
2_26_16 7, 15
5_8_14 9, 1, 5, 13, 14
6_12_16 11, 3, 7, 15, 8, 16
2_28_12 5, 13
3_30_02 1, 9, 13
8_5_02 3, 11, 15, 7, 4, 12, 16, 8
4_19_16 9, 1, 5, 13
8_20_22 12, 4, 8, 16, 13, 5, 9, 1
4_21_22 13, 5, 9, 1
4_9_16 11, 3, 7, 15
6_23_00 2, 10, 14, 6, 3, 11
5_31_14 11, 3, 7, 15, 16
1_14_06 3
6_31_00 4, 12, 16, 8, 1, 9
2_29_02 5, 13
2_1_18 10, 2
7_8_16 10, 2, 6, 14, 15, 7, 11
1_7_04 12
7_14_10 9, 1, 5, 13, 2, 10, 14
5_7_22 13, 5, 9, 1, 6
4_25_18 12, 4, 8, 16
5_10_04 5, 13, 1, 9, 2
6_18_08 5, 13, 1, 9, 2, 10
3_18_02 14, 6, 10
4_8_06 5, 13, 1, 9
5_13_16 12, 4, 8, 16, 9
7_14_02 5, 13, 1, 9, 14, 6, 10
1_20_14 12
7_15_14 11, 3, 7, 15, 16, 8, 12
5_5_10 7, 15, 3, 11, 8
3_2_04 15, 7, 11
7_13_16 12, 4, 8, 16, 9, 1, 5
1_12_10 12
5_4_02 2, 10, 14, 6, 7
4_9_02 4, 12, 16, 8
1_1_06 4
6_12_18 12, 4, 8, 16, 9, 1
6_21_10 7, 15, 3, 11, 8, 16
8_3_06 4, 12, 16, 8, 5, 13, 1, 9
3_23_04 4, 12, 8
2_2_00 13, 5
6_14_20 14, 6, 10, 2, 7, 15
6_13_12 10, 2, 6, 14, 7, 15
5_9_00 3, 11, 15, 7, 4
4_24_12 8, 16, 4, 12
7_6_08 6, 14, 2, 10, 3, 11, 15
1_28_20 1
5_11_16 11, 3, 7, 15, 4
2_23_14 9, 1
2_6_18 7, 15
1_4_18 14
2_15_02 5, 13
3_19_04 3, 11, 7
5_8_16 10, 2, 6, 14, 15
4_9_20 13, 5, 9, 1
3_13_16 12, 4, 8
1_16_16 16
2_27_04 5, 13
2_11_18 12, 4
5_12_00 3, 11, 15, 7, 8
3_1_16 9, 1, 5
4_22_14 9, 1, 5, 13
1_14_08 4
6_6_10 7, 15, 3, 11, 4, 12
6_14_16 12, 4, 8, 16, 5, 13
4_8_10 7, 15, 3, 11
8_13_12 10, 2, 6, 14, 7, 15, 3, 11
3_23_00 2, 10, 6
2_12_08 3, 11
3_23_18 11, 3, 15
2_9_20 13, 5
4_21_06 5, 13, 1, 9
7_31_22 15, 7, 11, 3, 4, 12, 16
6_13_22 15, 7, 11, 3, 12, 4
4_25_22 14, 6, 10, 2
2_6_04 16, 8
2_23_22 13, 5
6_30_18 13, 5, 9, 1, 6, 14
7_13_18 13, 5, 9, 1, 10, 2, 6
8_17_08 5, 13, 1, 9, 6, 14, 2, 10
4_26_20 13, 5, 9, 1
5_26_04 5, 13, 1, 9, 2
4_12_22 14, 6, 10, 2
5_26_12 9, 1, 5, 13, 6
5_30_18 13, 5, 9, 1, 6
3_29_18 13, 5, 9
7_5_16 10, 2, 6, 14, 11, 3, 7
6_11_08 7, 15, 3, 11, 8, 16
3_27_14 10, 2, 14
2_6_10 3, 11
7_5_10 7, 15, 3, 11, 8, 16, 4
7_1_02 2, 10, 14, 6, 3, 11, 15
7_20_14 8, 16, 4, 12, 13, 5, 9
6_14_18 13, 5, 9, 1, 6, 14
7_24_20 12, 4, 8, 16, 1, 9, 13
5_28_06 6, 14, 2, 10, 11
5_20_02 2, 10, 14, 6, 7
5_7_02 3, 11, 15, 7, 12
8_27_04 5, 13, 1, 9, 6, 14, 2, 10
4_25_04 5, 13, 1, 9
8_8_12 8, 16, 4, 12, 9, 1, 5, 13
3_29_20 14, 6, 10
5_22_08 6, 14, 2, 10, 3
2_19_12 7, 15
4_31_22 15, 7, 11, 3
4_27_06 6, 14, 2, 10
4_26_20 13, 5, 9, 1
6_7_06 5, 13, 1, 9, 6, 14
8_8_16 10, 2, 6, 14, 11, 3, 7, 15
8_7_16 10, 2, 6, 14, 11, 3, 7, 15
5_2_16 9, 1, 5, 13, 6
3_11_18 12, 4, 16
6_24_22 13, 5, 9, 1, 10, 2
5_31_08 8, 16, 4, 12, 13
5_1_00 1, 9, 13, 5, 2
4_28_16 11, 3, 7, 15
1_28_14 14
8_9_12 9, 1, 5, 13, 10, 2, 6, 14
7_10_20 13, 5, 9, 1, 10, 2, 6
5_16_08 8, 16, 4, 12, 9
5_16_12 10, 2, 6, 14, 11
4_12_00 3, 11, 15, 7
1_30_00 16
4_28_18 12, 4, 8, 16
6_10_14 10, 2, 6, 14, 7, 15
5_23_04 4, 12, 16, 8, 13
7_24_22 13, 5, 9, 1, 2, 10, 14
3_19_18 10, 2, 14
1_5_08 6
5_4_00 1, 9, 13, 5, 6
3_25_10 8, 16, 4
4_17_12 7, 15, 3, 11
8_15_04 6, 14, 2, 10, 3, 11, 15, 7
7_19_08 5, 13, 1, 9, 14, 6, 10
4_21_14 9, 1, 5, 13
2_28_00 15, 7
3_20_10 2, 10, 6
1_17_20 11
5_7_22 13, 5, 9, 1, 6
3_2_08 1, 9, 13
5_24_06 5, 13, 1, 9, 10
1_12_02 8
3_28_22 10, 2, 14
5_30_12 10, 2, 6, 14, 3
3_13_08 8, 16, 4
4_13_12 10, 2, 6, 14
1_3_10 14
4_22_00 2, 10, 14, 6
2_29_02 5, 13
8_20_14 8, 16, 4, 12, 9, 1, 5, 13
5_4_20 11, 3, 7, 15, 16
3_10_20 9, 1, 5
