5_1_22 12, 4, 8, 16, 13
5_13_04 6, 14, 2, 10, 3
5_13_02 5, 13, 1, 9, 2
7_20_20 11, 3, 7, 15, 16, 8, 12
2_29_02 5, 13
4_9_00 3, 11, 15, 7
4_17_06 4, 12, 16, 8
5_19_02 2, 10, 14, 6, 11
3_2_10 2, 10, 14
3_5_06 5, 13, 1
2_16_22 11, 3
3_13_08 8, 16, 4
5_8_18 11, 3, 7, 15, 16
3_5_14 9, 1, 5
5_23_12 8, 16, 4, 12, 1
1_3_10 14
1_1_08 5
3_22_10 3, 11, 15
1_4_16 13
4_24_20 12, 4, 8, 16
4_24_18 11, 3, 7, 15
5_29_10 9, 1, 5, 13, 6
7_2_20 11, 3, 7, 15, 8, 16, 4
1_21_16 10
6_26_20 13, 5, 9, 1, 10, 2
3_22_02 15, 7, 11
7_18_10 6, 14, 2, 10, 3, 11, 15
4_25_10 8, 16, 4, 12
4_17_06 4, 12, 16, 8
2_27_08 7, 15
3_13_10 9, 1, 5
8_27_04 5, 13, 1, 9, 6, 14, 2, 10
4_25_16 11, 3, 7, 15
6_17_06 4, 12, 16, 8, 5, 13
1_31_10 1
4_12_16 11, 3, 7, 15
2_28_22 10, 2
1_26_06 2
1_4_06 8
7_7_00 2, 10, 14, 6, 11, 3, 7
3_2_16 5, 13, 1
5_28_02 4, 12, 16, 8, 9
5_15_00 4, 12, 16, 8, 9
6_15_12 10, 2, 6, 14, 7, 15
3_10_06 2, 10, 14
5_1_12 7, 15, 3, 11, 8
8_2_10 6, 14, 2, 10, 7, 15, 3, 11
1_12_22 2
6_26_02 4, 12, 16, 8, 1, 9
6_4_22 12, 4, 8, 16, 9, 1
8_22_00 2, 10, 14, 6, 3, 11, 15, 7
5_24_16 10, 2, 6, 14, 15
6_29_20 14, 6, 10, 2, 11, 3
7_10_16 11, 3, 7, 15, 8, 16, 4
1_9_08 7
3_28_16 7, 15, 11
7_3_18 10, 2, 6, 14, 3, 11, 15
5_12_10 8, 16, 4, 12, 13
2_22_18 7, 15
5_3_00 1, 9, 13, 5, 10
2_27_12 9, 1
2_15_00 4,12
5_15_16 12, 4, 8, 16, 1
6_6_14 9, 1, 5, 13, 6, 14
3_25_08 7, 15, 3
3_30_00 16, 8, 12
6_24_22 13, 5, 9, 1, 10, 2
4_6_16 10, 2, 6, 14
8_16_20 14, 6, 10, 2, 11, 3, 7, 15
8_7_04 4, 12, 16, 8, 5, 13, 1, 9
7_5_18 11, 3, 7, 15, 12, 4, 8
7_12_12 9, 1, 5, 13, 14, 6, 10
2_30_06 3, 11
3_15_14 11, 3, 15
5_18_12 7, 15, 3, 11, 4
7_14_12 10, 2, 6, 14, 3, 11, 15
7_27_00 3, 11, 15, 7, 12, 4, 8
2_17_10 6, 14
6_8_14 9, 1, 5, 13, 6, 14
7_14_20 14, 6, 10, 2, 7, 15, 3
4_13_02 5, 13, 1, 9
6_29_16 12, 4, 8, 16, 9, 1
3_4_18 6, 14, 10
1_10_00 15
3_9_14 10, 2, 6
4_9_08 7, 15, 3, 11
2_12_00 15, 7
5_25_06 6, 14, 2, 10, 7
1_14_00 16
1_23_06 13
7_15_08 8, 16, 4, 12, 13, 5, 9
3_31_06 7, 15, 11
2_2_14 4, 12
5_10_12 9, 1, 5, 13, 6
1_27_22 6
8_11_10 8, 16, 4, 12, 9, 1, 5, 13
4_12_08 7, 15, 3, 11
5_11_00 3, 11, 15, 7, 12
1_26_18 8
2_3_02 2, 10
8_12_04 5, 13, 1, 9, 6, 14, 2, 10
1_3_12 15
6_13_06 7, 15, 3, 11, 4, 12
1_9_10 8
3_30_00 16, 8, 12
1_9_16 11
2_31_18 13, 5
2_5_22 13, 5
7_16_20 14, 6, 10, 2, 15, 7, 11
1_28_16 15
6_29_12 10, 2, 6, 14, 7, 15
4_30_18 13, 5, 9, 1
3_25_12 9, 1, 5
6_3_00 1, 9, 13, 5, 2, 10
7_29_18 13, 5, 9, 1, 10, 2, 6
7_20_02 2, 10, 14, 6, 7, 15, 3
6_21_14 9, 1, 5, 13, 10, 2
2_12_18 8, 16
7_22_18 11, 3, 7, 15, 8, 16, 4
3_1_10 6, 14, 2
4_15_20 14, 6, 10, 2
6_18_06 4, 12, 16, 8, 1, 9
6_31_08 8, 16, 4, 12, 5, 13
1_5_14 9
6_4_02 2, 10, 14, 6, 15, 7
7_15_22 15, 7, 11, 3, 4, 12, 16
7_9_18 12, 4, 8, 16, 13, 5, 9
7_12_02 4, 12, 16, 8, 9, 1, 5
5_25_10 8, 16, 4, 12, 9
7_24_12 8, 16, 4, 12, 13, 5, 9
7_13_22 15, 7, 11, 3, 12, 4, 8
2_30_04 2, 10
8_18_12 7, 15, 3, 11, 8, 16, 4, 12
1_24_02 7
1_1_20 11
7_8_22 13, 5, 9, 1, 2, 10, 14
6_22_22 13, 5, 9, 1, 10, 2
8_17_22 12, 4, 8, 16, 13, 5, 9, 1
8_6_00 2, 10, 14, 6, 3, 11, 15, 7
6_29_06 7, 15, 3, 11, 4, 12
5_26_18 12, 4, 8, 16, 9
4_2_08 5, 13, 1, 9
4_15_20 14, 6, 10, 2
3_20_20 7, 15, 11
2_18_22 8, 16
3_1_16 9, 1, 5
3_14_04 2, 10, 14
7_1_10 6, 14, 2, 10, 7, 15, 3
6_16_06 7, 15, 3, 11, 16, 8
1_10_10 4
1_15_10 1
4_12_14 10, 2, 6, 14
3_8_18 7, 15, 11
7_27_20 13, 5, 9, 1, 6, 14, 2
4_27_04 5, 13, 1, 9
7_15_06 7, 15, 3, 11, 12, 4, 8
3_16_02 1, 9, 5
5_24_18 11, 3, 7, 15, 16
3_18_12 3, 11, 15
5_28_08 7, 15, 3, 11, 12
4_6_12 8, 16, 4, 12
1_5_08 6
3_22_18 7, 15, 3
7_15_02 5, 13, 1, 9, 10, 2, 6
1_10_14 6
3_8_22 9, 1, 13
8_14_16 12, 4, 8, 16, 9, 1, 5, 13
5_20_00 1, 9, 13, 5, 6
2_31_00 4,12
8_29_20 14, 6, 10, 2, 11, 3, 7, 15
5_1_22 12, 4, 8, 16, 13
3_12_12 5, 13, 9
6_28_12 9, 1, 5, 13, 6, 14
3_3_14 8, 16, 12
6_26_12 9, 1, 5, 13, 6, 14
2_11_12 9, 1
3_8_22 9, 1, 13
6_17_10 6, 14, 2, 10, 7, 15
5_4_00 1, 9, 13, 5, 6
1_22_02 15
7_18_14 8, 16, 4, 12, 5, 13, 1
7_13_16 12, 4, 8, 16, 9, 1, 5
2_17_18 10, 2
7_5_18 11, 3, 7, 15, 12, 4, 8
4_10_04 5, 13, 1, 9
5_20_04 3, 11, 15, 7, 8
2_15_16 12, 4
5_28_00 3, 11, 15, 7, 8
7_22_12 8, 16, 4, 12, 5, 13, 1
3_16_16 8, 16, 12
8_30_14 11, 3, 7, 15, 8, 16, 4, 12
5_23_10 7, 15, 3, 11, 16
1_25_12 9
1_15_14 3
5_13_16 12, 4, 8, 16, 9
6_9_20 13, 5, 9, 1, 14, 6
8_4_06 4, 12, 16, 8, 5, 13, 1, 9
5_11_08 7, 15, 3, 11, 16
1_17_18 10
8_3_14 8, 16, 4, 12, 9, 1, 5, 13
2_11_00 3, 11
2_17_08 5, 13
7_10_22 14, 6, 10, 2, 11, 3, 7
8_18_06 4, 12, 16, 8, 5, 13, 1, 9
6_17_06 4, 12, 16, 8, 5, 13
4_5_08 6, 14, 2, 10
4_16_12 10, 2, 6, 14
1_6_20 8
5_15_02 5, 13, 1, 9, 10
2_9_06 6, 14
3_9_20 13, 5, 9
1_23_02 11
2_30_00 16, 8
8_31_00 4, 12, 16, 8, 1, 9, 13, 5
6_9_20 13, 5, 9, 1, 14, 6
7_30_00 4, 12, 16, 8, 13, 5, 9
5_16_14 11, 3, 7, 15, 12
5_22_14 9, 1, 5, 13, 6
2_7_00 2, 10
6_20_12 7, 15, 3, 11, 4, 12
2_18_06 16, 8
8_14_20 14, 6, 10, 2, 11, 3, 7, 15
1_11_02 12
1_11_02 12
7_25_00 3, 11, 15, 7, 4, 12, 16
5_12_16 11, 3, 7, 15, 16
3_20_12 3, 11, 7
3_20_00 13, 5, 1
6_5_22 13, 5, 9, 1, 14, 6
1_30_08 4
1_21_18 11
1_20_10 10
8_27_10 8, 16, 4, 12, 9, 1, 5, 13
8_3_10 6, 14, 2, 10, 7, 15, 3, 11
5_28_06 6, 14, 2, 10, 11
6_11_02 4, 12, 16, 8, 5, 13
3_16_22 11, 3, 15
1_6_14 5
6_24_08 6, 14, 2, 10, 3, 11
3_14_16 8, 16, 4
2_14_22 11, 3
6_5_22 13, 5, 9, 1, 14, 6
8_9_20 13, 5, 9, 1, 14, 6, 10, 2
8_20_22 12, 4, 8, 16, 13, 5, 9, 1
7_3_10 6, 14, 2, 10, 15, 7, 11
2_7_18 11, 3
7_18_02 2, 10, 14, 6, 15, 7, 11
7_1_02 2, 10, 14, 6, 3, 11, 15
3_16_16 8, 16, 12
6_27_04 5, 13, 1, 9, 6, 14
1_21_04 4
6_10_10 8, 16, 4, 12, 5, 13
4_17_00 1, 9, 13, 5
8_11_22 14, 6, 10, 2, 15, 7, 11, 3
8_27_08 7, 15, 3, 11, 8, 16, 4, 12
4_23_12 8, 16, 4, 12
1_25_16 11
2_4_16 5, 13
2_15_08 8, 16
3_9_14 10, 2, 6
3_24_20 8, 16, 12
2_28_00 15, 7
6_7_02 3, 11, 15, 7, 4, 12
7_11_14 10, 2, 6, 14, 3, 11, 15
7_6_12 8, 16, 4, 12, 5, 13, 1
1_27_04 13
2_31_00 4,12
3_6_00 14, 6, 10
5_23_02 3, 11, 15, 7, 12
1_16_02 9
5_5_18 11, 3, 7, 15, 12
2_31_00 4,12
5_28_04 5, 13, 1, 9, 10
3_19_14 8, 16, 12
2_14_20 10, 2
6_16_02 5, 13, 1, 9, 14, 6
6_18_04 3, 11, 15, 7, 16, 8
1_30_12 6
3_20_16 5, 13, 9
1_21_02 3
4_8_18 11, 3, 7, 15
1_14_02 1
8_17_16 9, 1, 5, 13, 10, 2, 6, 14
5_2_22 12, 4, 8, 16, 9
3_4_20 7, 15, 11
8_24_02 3, 11, 15, 7, 4, 12, 16, 8
1_29_22 15
5_6_00 2, 10, 14, 6, 15
8_10_08 7, 15, 3, 11, 8, 16, 4, 12
1_9_06 6
1_5_06 5
8_21_10 7, 15, 3, 11, 8, 16, 4, 12
5_28_20 13, 5, 9, 1, 2
8_15_18 13, 5, 9, 1, 10, 2, 6, 14
3_14_22 11, 3, 7
1_1_06 4
2_23_04 4, 12
