1_2_10 2
7_9_18 12, 4, 8, 16, 13, 5, 9
3_21_02 3, 11, 15
8_27_22 14, 6, 10, 2, 15, 7, 11, 3
6_30_16 12, 4, 8, 16, 5, 13
6_25_04 5, 13, 1, 9, 6, 14
4_3_02 2, 10, 14, 6
8_9_00 3, 11, 15, 7, 4, 12, 16, 8
5_20_20 11, 3, 7, 15, 16
4_16_04 6, 14, 2, 10
1_13_00 4
7_7_18 11, 3, 7, 15, 4, 12, 16
3_27_20 13, 5, 1
5_21_16 10, 2, 6, 14, 11
4_25_14 10, 2, 6, 14
7_15_02 5, 13, 1, 9, 10, 2, 6
4_29_12 10, 2, 6, 14
5_24_12 8, 16, 4, 12, 13
8_29_04 6, 14, 2, 10, 3, 11, 15, 7
4_8_16 10, 2, 6, 14
4_5_20 12, 4, 8, 16
2_26_20 9, 1
3_14_14 7, 15, 3
1_14_08 4
4_3_16 9, 1, 5, 13
8_21_08 6, 14, 2, 10, 7, 15, 3, 11
8_26_10 8, 16, 4, 12, 9, 1, 5, 13
4_22_16 10, 2, 6, 14
8_20_10 6, 14, 2, 10, 7, 15, 3, 11
7_13_06 7, 15, 3, 11, 4, 12, 16
5_29_10 9, 1, 5, 13, 6
8_12_08 7, 15, 3, 11, 8, 16, 4, 12
2_24_22 9, 1
4_31_04 6, 14, 2, 10
7_23_18 11, 3, 7, 15, 4, 12, 16
1_9_10 8
6_31_14 11, 3, 7, 15, 8, 16
3_26_04 1, 9, 13
7_12_18 12, 4, 8, 16, 1, 9, 13
5_5_08 6, 14, 2, 10, 7
4_28_06 6, 14, 2, 10
7_13_00 4, 12, 16, 8, 1, 9, 13
1_31_06 15
1_15_08 16
5_29_10 9, 1, 5, 13, 6
8_28_22 14, 6, 10, 2, 15, 7, 11, 3
6_15_00 4, 12, 16, 8, 1, 9
4_22_02 3, 11, 15, 7
5_5_18 11, 3, 7, 15, 12
6_10_12 9, 1, 5, 13, 6, 14
2_17_12 7, 15
3_7_08 6, 14, 10
2_4_18 6, 14
1_5_18 11
5_31_06 7, 15, 3, 11, 12
3_4_16 5, 13, 9
8_31_06 7, 15, 3, 11, 4, 12, 16, 8
8_12_12 9, 1, 5, 13, 10, 2, 6, 14
7_29_14 11, 3, 7, 15, 8, 16, 4
4_13_12 10, 2, 6, 14
2_3_18 10, 2
5_14_16 12, 4, 8, 16, 5
7_28_18 12, 4, 8, 16, 1, 9, 13
7_11_06 6, 14, 2, 10, 15, 7, 11
8_1_08 5, 13, 1, 9, 6, 14, 2, 10
8_18_10 6, 14, 2, 10, 7, 15, 3, 11
2_25_08 7, 15
6_28_12 9, 1, 5, 13, 6, 14
3_23_16 10, 2, 14
1_16_02 9
2_14_18 9, 1
8_1_12 7, 15, 3, 11, 8, 16, 4, 12
6_23_04 4, 12, 16, 8, 5, 13
5_18_10 6, 14, 2, 10, 3
7_7_16 10, 2, 6, 14, 3, 11, 15
1_12_02 8
4_24_04 4, 12, 16, 8
7_10_20 13, 5, 9, 1, 10, 2, 6
7_9_02 4, 12, 16, 8, 5, 13, 1
8_5_14 9, 1, 5, 13, 10, 2, 6, 14
5_12_04 5, 13, 1, 9, 10
6_7_16 10, 2, 6, 14, 11, 3
4_18_00 1, 9, 13, 5
5_25_18 12, 4, 8, 16, 13
7_27_18 12, 4, 8, 16, 5, 13, 1
8_16_06 7, 15, 3, 11, 4, 12, 16, 8
7_1_00 1, 9, 13, 5, 2, 10, 14
8_7_04 4, 12, 16, 8, 5, 13, 1, 9
4_15_06 7, 15, 3, 11
5_23_00 2, 10, 14, 6, 11
5_22_10 7, 15, 3, 11, 4
4_5_00 2, 10, 14, 6
8_3_00 1, 9, 13, 5, 2, 10, 14, 6
7_23_08 6, 14, 2, 10, 15, 7, 11
3_15_14 11, 3, 15
7_29_10 9, 1, 5, 13, 6, 14, 2
5_7_16 10, 2, 6, 14, 3
2_6_16 6, 14
4_6_10 7, 15, 3, 11
7_16_02 5, 13, 1, 9, 6, 14, 2
7_13_04 6, 14, 2, 10, 3, 11, 15
8_26_22 14, 6, 10, 2, 15, 7, 11, 3
1_14_18 9
2_29_14 11, 3
4_18_18 10, 2, 6, 14
4_7_06 5, 13, 1, 9
1_21_04 4
2_29_18 13, 5
5_28_16 11, 3, 7, 15, 16
8_18_14 8, 16, 4, 12, 9, 1, 5, 13
7_18_14 8, 16, 4, 12, 5, 13, 1
7_18_10 6, 14, 2, 10, 3, 11, 15
4_5_12 8, 16, 4, 12
8_22_16 10, 2, 6, 14, 11, 3, 7, 15
6_12_00 3, 11, 15, 7, 16, 8
3_10_04 1, 9, 13
2_18_22 8, 16
1_8_22 1
7_31_16 12, 4, 8, 16, 1, 9, 13
1_20_16 13
3_2_10 2, 10, 14
3_30_10 5, 13, 1
7_17_18 10, 2, 6, 14, 11, 3, 7
2_3_20 11, 3
2_7_02 3, 11
2_14_06 3, 11
5_18_08 5, 13, 1, 9, 2
2_19_04 3, 11
3_11_12 9, 1, 13
1_14_06 3
4_6_06 5, 13, 1, 9
7_8_00 2, 10, 14, 6, 7, 15, 3
4_19_12 7, 15, 3, 11
5_8_22 13, 5, 9, 1, 2
6_24_22 13, 5, 9, 1, 10, 2
1_30_16 8
7_31_16 12, 4, 8, 16, 1, 9, 13
2_26_22 10, 2
7_15_08 8, 16, 4, 12, 13, 5, 9
3_8_02 15, 7, 3
3_10_16 7, 15, 3
7_23_18 11, 3, 7, 15, 4, 12, 16
7_4_04 3, 11, 15, 7, 8, 16, 4
5_11_18 12, 4, 8, 16, 5
3_5_22 13, 5, 9
4_20_16 9, 1, 5, 13
4_1_06 4, 12, 16, 8
2_17_10 6, 14
7_10_08 7, 15, 3, 11, 4, 12, 16
1_21_20 12
4_10_14 10, 2, 6, 14
8_6_10 7, 15, 3, 11, 8, 16, 4, 12
5_18_06 4, 12, 16, 8, 1
7_11_14 10, 2, 6, 14, 3, 11, 15
7_28_16 11, 3, 7, 15, 16, 8, 12
8_18_12 7, 15, 3, 11, 8, 16, 4, 12
1_8_20 16
7_2_12 7, 15, 3, 11, 4, 12, 16
1_20_04 7
1_26_02 16
8_15_18 13, 5, 9, 1, 10, 2, 6, 14
4_9_10 8, 16, 4, 12
7_29_06 7, 15, 3, 11, 4, 12, 16
2_11_10 8, 16
7_15_20 14, 6, 10, 2, 3, 11, 15
2_10_02 16, 8
7_14_14 11, 3, 7, 15, 4, 12, 16
5_1_00 1, 9, 13, 5, 2
1_1_04 3
2_5_08 6, 14
7_10_02 4, 12, 16, 8, 1, 9, 13
2_13_10 9, 1
5_11_08 7, 15, 3, 11, 16
2_16_20 10, 2
5_7_04 4, 12, 16, 8, 13
8_21_10 7, 15, 3, 11, 8, 16, 4, 12
4_9_12 9, 1, 5, 13
7_30_14 11, 3, 7, 15, 4, 12, 16
1_6_00 14
1_21_12 8
4_27_20 13, 5, 9, 1
8_29_16 12, 4, 8, 16, 9, 1, 5, 13
8_31_20 14, 6, 10, 2, 11, 3, 7, 15
5_30_18 13, 5, 9, 1, 6
2_15_04 6, 14
6_23_10 7, 15, 3, 11, 8, 16
1_28_06 10
4_1_20 11, 3, 7, 15
6_14_10 9, 1, 5, 13, 2, 10
2_18_02 14, 6
8_9_20 13, 5, 9, 1, 14, 6, 10, 2
1_28_22 2
5_26_04 5, 13, 1, 9, 2
5_2_12 7, 15, 3, 11, 4
6_20_02 2, 10, 14, 6, 15, 7
4_10_16 11, 3, 7, 15
6_21_22 13, 5, 9, 1, 14, 6
1_9_06 6
4_24_14 9, 1, 5, 13
3_17_00 1, 9, 13
8_23_18 11, 3, 7, 15, 12, 4, 8, 16
4_13_04 6, 14, 2, 10
4_26_04 5, 13, 1, 9
8_14_04 6, 14, 2, 10, 3, 11, 15, 7
5_26_00 3, 11, 15, 7, 16
3_3_10 6, 14, 10
2_15_16 12, 4
6_9_00 3, 11, 15, 7, 4, 12
3_11_14 10, 2, 14
6_2_20 11, 3, 7, 15, 8, 16
8_28_10 8, 16, 4, 12, 9, 1, 5, 13
5_23_18 11, 3, 7, 15, 4
1_29_04 6
3_26_16 7, 15, 3
4_5_16 10, 2, 6, 14
6_1_10 6, 14, 2, 10, 7, 15
2_15_16 12, 4
2_28_04 1, 9
2_14_20 10, 2
6_6_20 12, 4, 8, 16, 9, 1
7_10_16 11, 3, 7, 15, 8, 16, 4
8_23_00 2, 10, 14, 6, 3, 11, 15, 7
6_1_10 6, 14, 2, 10, 7, 15
7_4_06 4, 12, 16, 8, 9, 1, 5
6_28_22 14, 6, 10, 2, 11, 3
8_7_12 8, 16, 4, 12, 9, 1, 5, 13
8_18_10 6, 14, 2, 10, 7, 15, 3, 11
3_26_06 2, 10, 14
3_19_20 11, 3, 15
8_8_16 10, 2, 6, 14, 11, 3, 7, 15
8_10_00 3, 11, 15, 7, 4, 12, 16, 8
4_24_04 4, 12, 16, 8
5_2_14 8, 16, 4, 12, 5
2_17_10 6, 14
5_7_00 2, 10, 14, 6, 11
4_14_04 6, 14, 2, 10
3_25_02 4, 12, 16
6_14_22 15, 7, 11, 3, 8, 16
8_26_12 9, 1, 5, 13, 10, 2, 6, 14
2_30_16 8, 16
6_22_14 9, 1, 5, 13, 6, 14
1_9_12 9
2_24_18 7, 15
6_28_16 11, 3, 7, 15, 8, 16
7_28_20 13, 5, 9, 1, 2, 10, 14
4_12_14 10, 2, 6, 14
7_10_02 4, 12, 16, 8, 1, 9, 13
6_1_00 1, 9, 13, 5, 2, 10
8_18_00 1, 9, 13, 5, 2, 10, 14, 6
3_15_04 6, 14, 10
3_29_22 15, 7, 11
3_2_18 6, 14, 2
3_17_02 2, 10, 14
7_12_00 3, 11, 15, 7, 8, 16, 4
4_18_10 6, 14, 2, 10
8_5_20 12, 4, 8, 16, 13, 5, 9, 1
3_27_10 8, 16, 12
6_14_04 6, 14, 2, 10, 15, 7
5_14_22 15, 7, 11, 3, 8
4_3_20 11, 3, 7, 15
2_30_00 16, 8
6_1_08 5, 13, 1, 9, 6, 14
5_14_06 7, 15, 3, 11, 16
3_28_18 8, 16, 12
7_23_02 3, 11, 15, 7, 12, 4, 8
1_31_22 7
2_13_08 8, 16
1_9_22 14
2_1_04 3, 11
7_27_18 12, 4, 8, 16, 5, 13, 1
6_30_12 10, 2, 6, 14, 3, 11
8_22_00 2, 10, 14, 6, 3, 11, 15, 7
1_31_02 13
6_8_00 2, 10, 14, 6, 15, 7
6_8_18 11, 3, 7, 15, 8, 16
4_29_04 6, 14, 2, 10
5_21_18 11, 3, 7, 15, 12
5_24_14 9, 1, 5, 13, 14
5_1_20 11, 3, 7, 15, 12
5_29_16 12, 4, 8, 16, 9
4_20_16 9, 1, 5, 13
5_6_00 2, 10, 14, 6, 15
8_15_08 8, 16, 4, 12, 5, 13, 1, 9
5_15_02 5, 13, 1, 9, 10
6_28_18 12, 4, 8, 16, 9, 1
1_21_18 11
7_4_10 6, 14, 2, 10, 11, 3, 7
2_5_04 4, 12
8_28_06 6, 14, 2, 10, 7, 15, 3, 11
5_17_20 11, 3, 7, 15, 12
7_14_20 14, 6, 10, 2, 7, 15, 3
4_3_16 9, 1, 5, 13
3_3_02 2, 10, 6
6_12_12 9, 1, 5, 13, 6, 14
4_18_20 11, 3, 7, 15
2_5_00 2, 10
2_5_10 7, 15
2_15_20 14, 6
6_29_14 11, 3, 7, 15, 8, 16
1_12_04 9
2_30_22 11, 3
4_19_08 5, 13, 1, 9
1_31_20 6
3_31_10 9, 1, 13
1_27_12 1
5_27_00 3, 11, 15, 7, 12
4_20_18 10, 2, 6, 14
6_25_10 8, 16, 4, 12, 9, 1
4_18_18 10, 2, 6, 14
2_15_06 7, 15
3_2_14 4, 12, 16
8_22_06 5, 13, 1, 9, 6, 14, 2, 10
2_18_20 7, 15
3_20_08 1, 9, 5
5_3_00 1, 9, 13, 5, 10
3_25_04 5, 13, 1
3_23_18 11, 3, 15
4_1_14 8, 16, 4, 12
4_18_14 8, 16, 4, 12
7_12_16 11, 3, 7, 15, 16, 8, 12
5_4_18 10, 2, 6, 14, 15
7_24_06 5, 13, 1, 9, 10, 2, 6
8_23_06 5, 13, 1, 9, 6, 14, 2, 10
4_27_20 13, 5, 9, 1
2_1_00 1, 9
3_25_10 8, 16, 4
5_5_22 13, 5, 9, 1, 14
1_5_16 10
1_14_14 7
3_19_02 2, 10, 6
5_2_18 10, 2, 6, 14, 7
6_27_10 8, 16, 4, 12, 9, 1
3_27_00 3, 11, 7
2_6_22 9, 1
1_18_06 16
5_30_08 8, 16, 4, 12, 1
3_11_14 10, 2, 14
3_8_08 2, 10, 6
6_7_10 7, 15, 3, 11, 8, 16
4_5_06 5, 13, 1, 9
8_7_12 8, 16, 4, 12, 9, 1, 5, 13
4_31_20 14, 6, 10, 2
5_22_14 9, 1, 5, 13, 6
4_7_02 3, 11, 15, 7
2_23_20 12, 4
5_3_16 9, 1, 5, 13, 2
1_12_16 15
6_5_22 13, 5, 9, 1, 14, 6
2_12_22 10, 2
8_31_02 5, 13, 1, 9, 2, 10, 14, 6
4_30_04 6, 14, 2, 10
6_5_12 8, 16, 4, 12, 9, 1
3_5_18 11, 3, 7
7_2_08 5, 13, 1, 9, 2, 10, 14
7_29_00 4, 12, 16, 8, 1, 9, 13
6_3_20 11, 3, 7, 15, 12, 4
3_17_12 7, 15, 3
7_13_08 8, 16, 4, 12, 5, 13, 1
5_27_02 4, 12, 16, 8, 13
5_5_18 11, 3, 7, 15, 12
5_8_08 6, 14, 2, 10, 11
5_17_14 8, 16, 4, 12, 9
4_19_02 2, 10, 14, 6
2_24_16 6, 14
5_5_18 11, 3, 7, 15, 12
5_20_18 10, 2, 6, 14, 15
7_14_00 4, 12, 16, 8, 13, 5, 9
7_1_10 6, 14, 2, 10, 7, 15, 3
5_14_02 5, 13, 1, 9, 14
2_15_16 12, 4
2_6_00 14, 6
7_27_18 12, 4, 8, 16, 5, 13, 1
7_31_08 8, 16, 4, 12, 13, 5, 9
5_6_00 2, 10, 14, 6, 15
7_17_14 8, 16, 4, 12, 9, 1, 5
5_1_04 3, 11, 15, 7, 4
8_9_00 3, 11, 15, 7, 4, 12, 16, 8
8_18_22 12, 4, 8, 16, 13, 5, 9, 1
2_18_06 16, 8
2_1_22 12, 4
7_1_20 11, 3, 7, 15, 12, 4, 8
2_5_16 10, 2
4_5_04 4, 12, 16, 8
1_28_20 1
1_21_20 12
6_21_02 3, 11, 15, 7, 4, 12
2_12_14 6, 14
5_29_18 13, 5, 9, 1, 10
1_7_04 12
3_28_04 1, 9, 5
2_31_08 8, 16
3_16_14 7, 15, 11
2_2_10 2, 10
6_6_04 4, 12, 16, 8, 1, 9
8_12_06 6, 14, 2, 10, 7, 15, 3, 11
8_12_18 12, 4, 8, 16, 13, 5, 9, 1
8_10_14 10, 2, 6, 14, 11, 3, 7, 15
1_1_20 11
7_2_12 7, 15, 3, 11, 4, 12, 16
3_6_10 3, 11, 15
6_5_16 10, 2, 6, 14, 11, 3
6_26_08 7, 15, 3, 11, 4, 12
2_25_22 14, 6
1_13_10 9
5_4_12 7, 15, 3, 11, 12
6_6_20 12, 4, 8, 16, 9, 1
7_26_12 9, 1, 5, 13, 6, 14, 2
3_22_22 9, 1, 5
5_26_20 13, 5, 9, 1, 10
3_28_02 16, 8, 4
5_2_06 4, 12, 16, 8, 1
2_11_08 7, 15
3_31_22 15, 7, 3
1_23_22 5
3_15_20 14, 6, 2
4_29_10 9, 1, 5, 13
3_26_10 4, 12, 16
2_21_02 3, 11
8_21_16 10, 2, 6, 14, 11, 3, 7, 15
2_6_18 7, 15
2_7_12 8, 16
1_22_14 5
8_15_20 14, 6, 10, 2, 11, 3, 7, 15
3_22_20 8, 16, 4
5_1_06 4, 12, 16, 8, 5
1_24_18 15
4_7_22 13, 5, 9, 1
5_27_14 10, 2, 6, 14, 3
4_10_20 13, 5, 9, 1
8_6_16 10, 2, 6, 14, 11, 3, 7, 15
3_19_22 12, 4, 16
1_10_18 8
3_17_16 9, 1, 5
2_15_18 13, 5
4_16_18 13, 5, 9, 1
4_25_00 3, 11, 15, 7
4_1_04 3, 11, 15, 7
6_14_08 8, 16, 4, 12, 1, 9
5_19_12 7, 15, 3, 11, 16
5_21_00 2, 10, 14, 6, 3
5_16_10 9, 1, 5, 13, 10
1_17_06 4
1_22_22 9
3_19_16 9, 1, 13
1_25_16 11
2_19_12 7, 15
4_3_14 8, 16, 4, 12
3_30_18 9, 1, 5
8_26_20 13, 5, 9, 1, 14, 6, 10, 2
4_2_08 5, 13, 1, 9
7_2_14 8, 16, 4, 12, 5, 13, 1
5_22_12 8, 16, 4, 12, 5
6_20_16 9, 1, 5, 13, 6, 14
1_16_08 12
4_26_00 3, 11, 15, 7
4_14_18 13, 5, 9, 1
3_1_00 1, 9, 13
2_5_08 6, 14
7_29_20 14, 6, 10, 2, 11, 3, 7
1_3_02 10
3_25_18 12, 4, 8
8_20_08 5, 13, 1, 9, 6, 14, 2, 10
8_26_16 11, 3, 7, 15, 12, 4, 8, 16
3_3_12 7, 15, 11
7_25_18 12, 4, 8, 16, 13, 5, 9
6_22_14 9, 1, 5, 13, 6, 14
8_13_20 14, 6, 10, 2, 11, 3, 7, 15
1_30_20 10
2_28_14 6, 14
6_16_00 4, 12, 16, 8, 13, 5
5_31_02 5, 13, 1, 9, 10
8_19_22 12, 4, 8, 16, 13, 5, 9, 1
1_14_20 10
4_9_20 13, 5, 9, 1
5_23_20 12, 4, 8, 16, 5
8_10_12 9, 1, 5, 13, 10, 2, 6, 14
7_27_00 3, 11, 15, 7, 12, 4, 8
8_24_20 12, 4, 8, 16, 13, 5, 9, 1
2_7_04 4, 12
5_20_12 7, 15, 3, 11, 12
8_4_14 8, 16, 4, 12, 9, 1, 5, 13
5_17_08 5, 13, 1, 9, 6
5_13_02 5, 13, 1, 9, 2
4_7_18 11, 3, 7, 15
5_28_02 4, 12, 16, 8, 9
3_9_20 13, 5, 9
5_6_10 7, 15, 3, 11, 4
7_8_14 9, 1, 5, 13, 14, 6, 10
6_8_20 12, 4, 8, 16, 9, 1
6_23_20 12, 4, 8, 16, 13, 5
4_17_18 10, 2, 6, 14
6_31_04 6, 14, 2, 10, 3, 11
8_15_02 5, 13, 1, 9, 2, 10, 14, 6
4_22_06 5, 13, 1, 9
4_26_18 12, 4, 8, 16
3_29_06 7, 15, 3
8_24_10 7, 15, 3, 11, 8, 16, 4, 12
6_26_00 3, 11, 15, 7, 16, 8
1_1_16 9
3_29_08 8, 16, 4
3_22_10 3, 11, 15
6_23_04 4, 12, 16, 8, 5, 13
8_15_16 12, 4, 8, 16, 9, 1, 5, 13
6_27_18 12, 4, 8, 16, 13, 5
7_3_12 7, 15, 3, 11, 16, 8, 12
3_16_04 2, 10, 6
3_15_04 6, 14, 10
3_3_08 5, 13, 9
1_27_14 2
5_21_04 4, 12, 16, 8, 5
7_1_00 1, 9, 13, 5, 2, 10, 14
6_17_06 4, 12, 16, 8, 5, 13
5_13_12 10, 2, 6, 14, 7
1_10_16 7
6_21_06 5, 13, 1, 9, 6, 14
1_9_10 8
1_14_10 5
4_1_20 11, 3, 7, 15
4_31_20 14, 6, 10, 2
7_26_04 5, 13, 1, 9, 2, 10, 14
6_11_00 3, 11, 15, 7, 4, 12
2_3_06 4, 12
2_26_06 2, 10
4_23_16 10, 2, 6, 14
1_16_22 3
7_16_08 8, 16, 4, 12, 9, 1, 5
2_2_10 2, 10
7_16_00 4, 12, 16, 8, 5, 13, 1
1_11_18 4
1_21_14 9
3_16_04 2, 10, 6
5_29_14 11, 3, 7, 15, 8
1_8_20 16
8_6_16 10, 2, 6, 14, 11, 3, 7, 15
6_24_18 11, 3, 7, 15, 8, 16
1_1_18 10
2_20_06 16, 8
4_1_18 10, 2, 6, 14
1_5_14 9
2_31_06 7, 15
8_3_04 3, 11, 15, 7, 4, 12, 16, 8
3_25_00 3, 11, 15
8_17_12 7, 15, 3, 11, 8, 16, 4, 12
5_16_02 5, 13, 1, 9, 6
7_21_04 4, 12, 16, 8, 5, 13, 1
7_3_12 7, 15, 3, 11, 16, 8, 12
2_24_18 7, 15
6_30_20 14, 6, 10, 2, 7, 15
3_8_08 2, 10, 6
8_21_10 7, 15, 3, 11, 8, 16, 4, 12
8_9_16 11, 3, 7, 15, 12, 4, 8, 16
4_23_16 10, 2, 6, 14
5_5_10 7, 15, 3, 11, 8
6_16_18 13, 5, 9, 1, 6, 14
7_28_06 6, 14, 2, 10, 11, 3, 7
4_29_16 12, 4, 8, 16
1_18_02 14
8_26_10 8, 16, 4, 12, 9, 1, 5, 13
3_13_02 5, 13, 1
2_9_08 7, 15
3_29_04 6, 14, 2
6_3_06 4, 12, 16, 8, 5, 13
7_13_12 10, 2, 6, 14, 7, 15, 3
5_8_22 13, 5, 9, 1, 2
3_1_22 12, 4, 8
2_6_10 3, 11
2_19_04 3, 11
7_25_18 12, 4, 8, 16, 13, 5, 9
7_11_08 7, 15, 3, 11, 16, 8, 12
7_13_16 12, 4, 8, 16, 9, 1, 5
4_9_02 4, 12, 16, 8
5_13_08 8, 16, 4, 12, 5
8_14_16 12, 4, 8, 16, 9, 1, 5, 13
2_12_12 5, 13
1_10_10 4
2_30_12 6, 14
6_18_22 12, 4, 8, 16, 9, 1
6_3_12 7, 15, 3, 11, 8, 16
5_24_06 5, 13, 1, 9, 10
3_31_12 10, 2, 14
5_31_18 13, 5, 9, 1, 2
3_24_22 9, 1, 13
8_20_02 2, 10, 14, 6, 3, 11, 15, 7
7_20_10 6, 14, 2, 10, 11, 3, 7
1_10_22 10
6_4_18 10, 2, 6, 14, 7, 15
4_23_04 4, 12, 16, 8
3_12_02 16, 8, 4
3_12_00 15, 7, 3
5_10_20 13, 5, 9, 1, 10
7_12_06 6, 14, 2, 10, 11, 3, 7
5_23_12 8, 16, 4, 12, 1
4_24_20 12, 4, 8, 16
2_2_18 6, 14
