4_31_20 14, 6, 10, 2
4_22_08 6, 14, 2, 10
4_26_02 4, 12, 16, 8
3_26_04 1, 9, 13
5_1_10 6, 14, 2, 10, 7
8_25_06 6, 14, 2, 10, 7, 15, 3, 11
2_18_12 3, 11
5_22_22 13, 5, 9, 1, 10
5_17_00 1, 9, 13, 5, 2
2_8_04 16, 8
3_30_12 6, 14, 2
7_21_00 2, 10, 14, 6, 3, 11, 15
8_29_18 13, 5, 9, 1, 10, 2, 6, 14
2_4_20 7, 15
6_21_22 13, 5, 9, 1, 14, 6
2_5_00 2, 10
8_17_02 2, 10, 14, 6, 3, 11, 15, 7
1_12_14 14
7_12_08 7, 15, 3, 11, 12, 4, 8
2_28_00 15, 7
6_14_04 6, 14, 2, 10, 15, 7
3_8_02 15, 7, 3
6_24_08 6, 14, 2, 10, 3, 11
2_14_22 11, 3
8_3_04 3, 11, 15, 7, 4, 12, 16, 8
4_18_20 11, 3, 7, 15
6_25_02 4, 12, 16, 8, 5, 13
5_1_18 10, 2, 6, 14, 11
8_26_08 7, 15, 3, 11, 8, 16, 4, 12
3_17_12 7, 15, 3
7_8_06 5, 13, 1, 9, 10, 2, 6
7_14_02 5, 13, 1, 9, 14, 6, 10
1_18_02 14
8_6_20 12, 4, 8, 16, 13, 5, 9, 1
8_17_00 1, 9, 13, 5, 2, 10, 14, 6
5_21_10 7, 15, 3, 11, 8
2_8_14 5, 13
8_23_08 6, 14, 2, 10, 7, 15, 3, 11
5_2_06 4, 12, 16, 8, 1
8_24_22 13, 5, 9, 1, 14, 6, 10, 2
7_7_18 11, 3, 7, 15, 4, 12, 16
7_15_02 5, 13, 1, 9, 10, 2, 6
5_21_06 5, 13, 1, 9, 6
7_7_10 7, 15, 3, 11, 16, 8, 12
7_27_20 13, 5, 9, 1, 6, 14, 2
2_25_04 5, 13
5_23_18 11, 3, 7, 15, 4
2_26_22 10, 2
3_26_20 9, 1, 5
3_8_22 9, 1, 13
2_5_22 13, 5
6_17_16 9, 1, 5, 13, 10, 2
3_9_14 10, 2, 6
5_21_20 12, 4, 8, 16, 13
8_27_20 13, 5, 9, 1, 14, 6, 10, 2
2_4_10 2, 10
3_2_00 13, 5, 9
2_3_20 11, 3
4_30_06 7, 15, 3, 11
4_12_10 8, 16, 4, 12
4_14_06 7, 15, 3, 11
8_30_06 7, 15, 3, 11, 4, 12, 16, 8
7_29_20 14, 6, 10, 2, 11, 3, 7
5_25_04 5, 13, 1, 9, 6
1_25_12 9
4_24_04 4, 12, 16, 8
8_3_00 1, 9, 13, 5, 2, 10, 14, 6
1_7_14 1
7_12_16 11, 3, 7, 15, 16, 8, 12
5_10_18 12, 4, 8, 16, 9
7_5_00 2, 10, 14, 6, 3, 11, 15
1_3_16 1
2_2_12 3, 11
6_14_22 15, 7, 11, 3, 8, 16
4_9_10 8, 16, 4, 12
1_12_04 9
5_1_14 8, 16, 4, 12, 9
6_14_02 5, 13, 1, 9, 14, 6
8_20_08 5, 13, 1, 9, 6, 14, 2, 10
1_20_04 7
7_13_00 4, 12, 16, 8, 1, 9, 13
3_6_18 7, 15, 3
3_14_12 6, 14, 2
1_27_12 1
6_21_08 6, 14, 2, 10, 7, 15
5_9_16 11, 3, 7, 15, 12
6_5_08 6, 14, 2, 10, 7, 15
2_24_10 3, 11
4_17_12 7, 15, 3, 11
6_18_08 5, 13, 1, 9, 2, 10
7_29_20 14, 6, 10, 2, 11, 3, 7
7_20_10 6, 14, 2, 10, 11, 3, 7
6_3_18 10, 2, 6, 14, 11, 3
5_16_20 14, 6, 10, 2, 15
6_13_12 10, 2, 6, 14, 7, 15
5_27_16 11, 3, 7, 15, 4
4_28_06 6, 14, 2, 10
4_30_18 13, 5, 9, 1
3_13_14 11, 3, 7
6_3_00 1, 9, 13, 5, 2, 10
5_4_02 2, 10, 14, 6, 7
1_16_06 11
3_31_00 4,12, 8
6_4_06 4, 12, 16, 8, 1, 9
2_2_20 7, 15
6_3_18 10, 2, 6, 14, 11, 3
8_29_18 13, 5, 9, 1, 10, 2, 6, 14
6_16_16 12, 4, 8, 16, 5, 13
4_17_10 6, 14, 2, 10
8_4_22 12, 4, 8, 16, 13, 5, 9, 1
2_23_12 8, 16
3_24_10 3, 11, 7
3_4_16 5, 13, 9
8_19_20 11, 3, 7, 15, 12, 4, 8, 16
2_22_14 5, 13
1_12_00 7
6_29_14 11, 3, 7, 15, 8, 16
4_28_18 12, 4, 8, 16
8_11_12 9, 1, 5, 13, 10, 2, 6, 14
5_6_14 9, 1, 5, 13, 6
6_30_20 14, 6, 10, 2, 7, 15
2_9_06 6, 14
7_5_18 11, 3, 7, 15, 12, 4, 8
7_3_12 7, 15, 3, 11, 16, 8, 12
4_31_20 14, 6, 10, 2
2_18_18 6, 14
4_8_02 3, 11, 15, 7
4_6_06 5, 13, 1, 9
1_13_10 9
7_30_22 15, 7, 11, 3, 8, 16, 4
2_14_18 9, 1
5_27_04 5, 13, 1, 9, 14
7_18_08 5, 13, 1, 9, 2, 10, 14
4_1_14 8, 16, 4, 12
5_8_10 7, 15, 3, 11, 12
6_9_08 7, 15, 3, 11, 8, 16
6_31_20 14, 6, 10, 2, 11, 3
8_21_06 5, 13, 1, 9, 6, 14, 2, 10
3_3_18 10, 2, 14
6_2_22 12, 4, 8, 16, 9, 1
8_1_14 8, 16, 4, 12, 9, 1, 5, 13
4_26_02 4, 12, 16, 8
7_13_06 7, 15, 3, 11, 4, 12, 16
1_2_18 6
2_7_16 10, 2
1_30_06 3
1_2_12 3
6_15_20 14, 6, 10, 2, 11, 3
6_2_12 7, 15, 3, 11, 4, 12
4_20_00 1, 9, 13, 5
3_25_06 6, 14, 2
2_28_18 8, 16
4_26_00 3, 11, 15, 7
2_23_18 11, 3
3_6_22 9, 1, 5
3_10_22 10, 2, 6
1_6_22 9
2_25_18 12, 4
7_24_14 9, 1, 5, 13, 14, 6, 10
5_14_18 13, 5, 9, 1, 6
1_18_02 14
3_15_12 10, 2, 14
1_5_10 7
8_31_20 14, 6, 10, 2, 11, 3, 7, 15
3_14_02 1, 9, 13
1_22_04 16
2_27_12 9, 1
8_6_18 11, 3, 7, 15, 12, 4, 8, 16
7_15_02 5, 13, 1, 9, 10, 2, 6
1_19_10 14
6_3_00 1, 9, 13, 5, 2, 10
5_7_12 8, 16, 4, 12, 1
6_21_16 10, 2, 6, 14, 11, 3
7_27_20 13, 5, 9, 1, 6, 14, 2
6_28_18 12, 4, 8, 16, 9, 1
4_6_20 12, 4, 8, 16
2_13_04 6, 14
2_30_14 7, 15
4_4_04 3, 11, 15, 7
8_1_02 2, 10, 14, 6, 3, 11, 15, 7
4_14_14 11, 3, 7, 15
5_9_10 8, 16, 4, 12, 9
8_14_04 6, 14, 2, 10, 3, 11, 15, 7
2_22_10 3, 11
8_1_12 7, 15, 3, 11, 8, 16, 4, 12
3_16_10 5, 13, 9
8_27_18 12, 4, 8, 16, 13, 5, 9, 1
6_6_08 6, 14, 2, 10, 3, 11
3_24_12 4, 12, 8
1_15_18 5
1_21_06 5
6_14_04 6, 14, 2, 10, 15, 7
6_14_12 10, 2, 6, 14, 3, 11
1_29_18 13
6_31_02 5, 13, 1, 9, 2, 10
3_31_18 13, 5, 1
8_20_18 10, 2, 6, 14, 11, 3, 7, 15
5_6_00 2, 10, 14, 6, 15
2_22_02 15, 7
5_3_18 10, 2, 6, 14, 3
3_29_20 14, 6, 10
3_2_12 3, 11, 15
6_17_00 1, 9, 13, 5, 2, 10
3_22_14 5, 13, 1
5_25_02 4, 12, 16, 8, 5
4_25_20 13, 5, 9, 1
6_27_22 14, 6, 10, 2, 15, 7
2_3_10 6, 14
8_21_00 2, 10, 14, 6, 3, 11, 15, 7
1_9_10 8
8_20_22 12, 4, 8, 16, 13, 5, 9, 1
2_17_16 9, 1
7_3_16 9, 1, 5, 13, 2, 10, 14
3_26_10 4, 12, 16
2_13_22 15, 7
3_28_00 15, 7, 3
6_17_20 11, 3, 7, 15, 12, 4
6_25_00 3, 11, 15, 7, 4, 12
8_22_16 10, 2, 6, 14, 11, 3, 7, 15
3_12_08 3, 11, 7
4_25_12 9, 1, 5, 13
5_11_00 3, 11, 15, 7, 12
8_12_16 11, 3, 7, 15, 12, 4, 8, 16
4_13_04 6, 14, 2, 10
8_31_22 15, 7, 11, 3, 12, 4, 8, 16
5_24_16 10, 2, 6, 14, 15
8_9_06 6, 14, 2, 10, 7, 15, 3, 11
4_30_08 8, 16, 4, 12
2_19_08 5, 13
1_20_16 13
6_8_02 3, 11, 15, 7, 16, 8
3_19_16 9, 1, 13
1_24_12 12
5_25_18 12, 4, 8, 16, 13
4_24_02 3, 11, 15, 7
7_17_14 8, 16, 4, 12, 9, 1, 5
4_9_00 3, 11, 15, 7
3_13_00 4,12, 16
5_26_08 7, 15, 3, 11, 4
5_1_22 12, 4, 8, 16, 13
8_9_16 11, 3, 7, 15, 12, 4, 8, 16
5_9_00 3, 11, 15, 7, 4
3_27_16 11, 3, 15
6_12_18 12, 4, 8, 16, 9, 1
4_20_20 11, 3, 7, 15
7_17_20 11, 3, 7, 15, 12, 4, 8
1_9_06 6
4_6_04 4, 12, 16, 8
7_31_00 4, 12, 16, 8, 9, 1, 5
5_17_14 8, 16, 4, 12, 9
6_2_18 10, 2, 6, 14, 7, 15
5_22_12 8, 16, 4, 12, 5
5_23_04 4, 12, 16, 8, 13
1_25_12 9
4_29_12 10, 2, 6, 14
3_28_18 8, 16, 12
5_1_02 2, 10, 14, 6, 3
1_14_22 11
1_28_22 2
2_30_10 5, 13
4_12_18 12, 4, 8, 16
8_9_20 13, 5, 9, 1, 14, 6, 10, 2
5_27_02 4, 12, 16, 8, 13
5_10_02 4, 12, 16, 8, 1
2_27_14 10, 2
2_20_08 1, 9
6_9_12 9, 1, 5, 13, 10, 2
5_28_04 5, 13, 1, 9, 10
1_31_20 6
8_22_06 5, 13, 1, 9, 6, 14, 2, 10
2_3_22 12, 4
8_8_08 6, 14, 2, 10, 7, 15, 3, 11
2_17_18 10, 2
2_12_12 5, 13
3_25_18 12, 4, 8
2_17_00 1, 9
1_18_10 2
1_7_02 11
3_24_06 1, 9, 5
7_15_10 9, 1, 5, 13, 14, 6, 10
8_30_20 14, 6, 10, 2, 11, 3, 7, 15
4_26_02 4, 12, 16, 8
5_30_22 15, 7, 11, 3, 8
4_16_10 9, 1, 5, 13
3_19_12 7, 15, 11
3_3_00 1, 9, 5
2_10_04 1, 9
2_20_00 13, 5
1_17_14 8
2_29_00 4,12
1_14_20 10
1_7_16 2
4_15_18 13, 5, 9, 1
4_10_18 12, 4, 8, 16
2_7_12 8, 16
6_31_20 14, 6, 10, 2, 11, 3
6_2_18 10, 2, 6, 14, 7, 15
8_25_22 14, 6, 10, 2, 15, 7, 11, 3
2_24_04 16, 8
2_26_08 3, 11
5_27_08 7, 15, 3, 11, 16
2_20_16 5, 13
7_31_00 4, 12, 16, 8, 9, 1, 5
1_14_22 11
4_11_02 4, 12, 16, 8
4_30_10 9, 1, 5, 13
5_31_06 7, 15, 3, 11, 12
4_10_04 5, 13, 1, 9
2_9_12 9, 1
5_26_10 8, 16, 4, 12, 5
3_20_12 3, 11, 7
6_20_04 3, 11, 15, 7, 16, 8
8_6_00 2, 10, 14, 6, 3, 11, 15, 7
5_16_10 9, 1, 5, 13, 10
4_11_14 10, 2, 6, 14
5_19_08 5, 13, 1, 9, 14
8_11_14 10, 2, 6, 14, 11, 3, 7, 15
3_19_08 5, 13, 9
2_4_14 4, 12
3_21_20 12, 4, 8
4_29_02 5, 13, 1, 9
1_18_20 7
8_22_04 4, 12, 16, 8, 5, 13, 1, 9
8_14_00 4, 12, 16, 8, 1, 9, 13, 5
3_13_02 5, 13, 1
4_14_22 15, 7, 11, 3
3_9_18 12, 4, 8
8_25_18 12, 4, 8, 16, 13, 5, 9, 1
4_21_02 3, 11, 15, 7
6_17_18 10, 2, 6, 14, 11, 3
3_15_02 5, 13, 9
8_17_14 8, 16, 4, 12, 9, 1, 5, 13
3_16_20 10, 2, 14
1_24_16 14
6_3_22 12, 4, 8, 16, 13, 5
3_24_08 2, 10, 6
3_12_16 7, 15, 11
1_21_08 6
3_8_02 15, 7, 3
4_12_02 4, 12, 16, 8
2_18_20 7, 15
3_18_08 1, 9, 13
3_8_06 1, 9, 5
3_30_04 2, 10, 14
1_23_14 1
8_2_16 9, 1, 5, 13, 10, 2, 6, 14
3_20_12 3, 11, 7
7_9_22 14, 6, 10, 2, 15, 7, 11
8_29_16 12, 4, 8, 16, 9, 1, 5, 13
8_16_10 9, 1, 5, 13, 6, 14, 2, 10
7_31_14 11, 3, 7, 15, 16, 8, 12
1_15_08 16
2_13_22 15, 7
7_8_12 8, 16, 4, 12, 13, 5, 9
3_29_20 14, 6, 10
2_12_14 6, 14
1_15_10 1
7_7_18 11, 3, 7, 15, 4, 12, 16
4_4_22 12, 4, 8, 16
2_24_22 9, 1
1_30_00 16
5_20_16 9, 1, 5, 13, 14
7_29_06 7, 15, 3, 11, 4, 12, 16
1_8_04 8
7_24_14 9, 1, 5, 13, 14, 6, 10
1_1_00 1
1_24_04 8
7_8_12 8, 16, 4, 12, 13, 5, 9
2_30_20 10, 2
2_6_18 7, 15
6_3_02 2, 10, 14, 6, 3, 11
5_3_12 7, 15, 3, 11, 16
7_9_04 5, 13, 1, 9, 6, 14, 2
5_15_02 5, 13, 1, 9, 10
3_16_20 10, 2, 14
1_4_02 6
3_13_02 5, 13, 1
7_8_00 2, 10, 14, 6, 7, 15, 3
2_26_12 5, 13
4_21_08 6, 14, 2, 10
2_2_22 8, 16
4_5_14 9, 1, 5, 13
5_29_18 13, 5, 9, 1, 10
4_17_20 11, 3, 7, 15
3_1_10 6, 14, 2
3_25_04 5, 13, 1
3_4_06 16, 8, 4
6_4_04 3, 11, 15, 7, 16, 8
1_3_06 12
8_20_08 5, 13, 1, 9, 6, 14, 2, 10
5_25_12 9, 1, 5, 13, 10
5_9_10 8, 16, 4, 12, 9
8_3_12 7, 15, 3, 11, 8, 16, 4, 12
2_11_08 7, 15
7_14_00 4, 12, 16, 8, 13, 5, 9
6_1_00 1, 9, 13, 5, 2, 10
3_28_04 1, 9, 5
8_14_18 13, 5, 9, 1, 10, 2, 6, 14
2_14_04 2, 10
4_18_02 2, 10, 14, 6
1_23_12 16
3_22_08 2, 10, 14
1_17_02 2
3_17_02 2, 10, 14
3_5_12 8, 16, 4
6_2_04 3, 11, 15, 7, 16, 8
3_8_02 15, 7, 3
4_26_20 13, 5, 9, 1
8_15_18 13, 5, 9, 1, 10, 2, 6, 14
5_3_22 12, 4, 8, 16, 5
2_10_16 7, 15
3_5_08 6, 14, 2
4_7_02 3, 11, 15, 7
7_14_14 11, 3, 7, 15, 4, 12, 16
3_7_20 12, 4, 16
6_18_12 7, 15, 3, 11, 4, 12
2_1_14 8, 16
1_27_16 3
2_2_22 8, 16
3_22_18 7, 15, 3
3_19_08 5, 13, 9
3_28_16 7, 15, 11
1_2_12 3
4_25_16 11, 3, 7, 15
4_11_18 12, 4, 8, 16
8_29_08 8, 16, 4, 12, 5, 13, 1, 9
3_28_08 3, 11, 7
8_17_14 8, 16, 4, 12, 9, 1, 5, 13
6_3_04 3, 11, 15, 7, 4, 12
5_23_00 2, 10, 14, 6, 11
3_7_06 5, 13, 9
4_3_12 7, 15, 3, 11
3_12_06 2, 10, 6
4_5_06 5, 13, 1, 9
4_6_16 10, 2, 6, 14
6_15_02 5, 13, 1, 9, 2, 10
2_28_14 6, 14
5_24_22 13, 5, 9, 1, 2
4_15_08 8, 16, 12
5_4_22 12, 4, 8, 16, 1
5_22_00 2, 10, 14, 6, 15
4_21_22 13, 5, 9, 1
1_12_14 14
4_30_08 8, 16, 4, 12
3_13_18 13, 5, 9
3_23_18 11, 3, 15
2_30_04 2, 10
7_9_08 7, 15, 3, 11, 8, 16, 4
7_15_16 12, 4, 8, 16, 1, 9, 13
4_22_14 9, 1, 5, 13
7_31_00 4, 12, 16, 8, 9, 1, 5
8_4_06 4, 12, 16, 8, 5, 13, 1, 9
7_21_06 5, 13, 1, 9, 6, 14, 2
6_18_00 1, 9, 13, 5, 14, 6
3_23_06 5, 13, 9
7_8_20 12, 4, 8, 16, 1, 9, 13
1_30_02 1
1_5_08 6
3_22_14 5, 13, 1
5_29_16 12, 4, 8, 16, 9
3_25_02 4, 12, 16
5_22_04 4, 12, 16, 8, 1
2_23_08 6, 14
2_24_02 15, 7
6_13_06 7, 15, 3, 11, 4, 12
4_1_00 1, 9, 13, 5
6_18_16 9, 1, 5, 13, 6, 14
3_3_16 9, 1, 13
5_23_04 4, 12, 16, 8, 13
5_17_14 8, 16, 4, 12, 9
4_12_08 7, 15, 3, 11
7_9_20 13, 5, 9, 1, 14, 6, 10
7_10_06 6, 14, 2, 10, 3, 11, 15
8_31_02 5, 13, 1, 9, 2, 10, 14, 6
3_14_18 9, 1, 5
5_8_00 2, 10, 14, 6, 7
7_17_10 6, 14, 2, 10, 7, 15, 3
6_10_06 6, 14, 2, 10, 3, 11
1_4_18 14
1_28_18 16
1_24_06 9
2_18_08 1, 9
2_17_04 3, 11
5_18_18 10, 2, 6, 14, 7
2_22_08 2, 10
8_17_12 7, 15, 3, 11, 8, 16, 4, 12
1_27_00 11
6_27_16 11, 3, 7, 15, 12, 4
8_12_12 9, 1, 5, 13, 10, 2, 6, 14
5_25_08 7, 15, 3, 11, 8
2_5_06 5, 13
7_16_00 4, 12, 16, 8, 5, 13, 1
1_5_22 13
7_18_00 1, 9, 13, 5, 14, 6, 10
2_31_22 15, 7
8_23_14 9, 1, 5, 13, 10, 2, 6, 14
3_30_02 1, 9, 13
2_15_08 8, 16
3_22_08 2, 10, 14
2_30_06 3, 11
2_13_06 7, 15
6_27_08 7, 15, 3, 11, 8, 16
1_8_20 16
6_25_14 10, 2, 6, 14, 11, 3
7_18_10 6, 14, 2, 10, 3, 11, 15
8_19_04 3, 11, 15, 7, 4, 12, 16, 8
7_7_10 7, 15, 3, 11, 16, 8, 12
7_18_08 5, 13, 1, 9, 2, 10, 14
8_24_06 5, 13, 1, 9, 6, 14, 2, 10
5_30_22 15, 7, 11, 3, 8
8_31_14 11, 3, 7, 15, 8, 16, 4, 12
1_25_16 11
5_21_14 9, 1, 5, 13, 10
8_17_08 5, 13, 1, 9, 6, 14, 2, 10
4_29_04 6, 14, 2, 10
6_27_08 7, 15, 3, 11, 8, 16
6_10_22 14, 6, 10, 2, 11, 3
6_11_10 8, 16, 4, 12, 9, 1
2_17_02 2, 10
4_11_04 5, 13, 1, 9
1_25_04 5
2_27_16 11, 3
8_31_16 12, 4, 8, 16, 9, 1, 5, 13
7_4_04 3, 11, 15, 7, 8, 16, 4
3_25_20 13, 5, 9
3_2_14 4, 12, 16
8_22_18 11, 3, 7, 15, 12, 4, 8, 16
4_29_02 5, 13, 1, 9
1_5_12 8
1_27_22 6
7_20_20 11, 3, 7, 15, 16, 8, 12
6_18_04 3, 11, 15, 7, 16, 8
4_31_12 10, 2, 6, 14
3_12_08 3, 11, 7
8_4_22 12, 4, 8, 16, 13, 5, 9, 1
4_6_20 12, 4, 8, 16
8_23_14 9, 1, 5, 13, 10, 2, 6, 14
5_3_14 8, 16, 4, 12, 1
2_5_02 3, 11
3_17_16 9, 1, 5
5_25_20 13, 5, 9, 1, 14
2_23_12 8, 16
3_28_16 7, 15, 11
1_18_02 14
1_16_06 11
8_20_08 5, 13, 1, 9, 6, 14, 2, 10
7_27_18 12, 4, 8, 16, 5, 13, 1
6_3_04 3, 11, 15, 7, 4, 12
4_31_16 12, 4, 8, 16
1_7_18 3
3_17_10 6, 14, 2
1_19_06 12
2_4_20 7, 15
5_20_14 8, 16, 4, 12, 13
2_10_22 10, 2
3_12_02 16, 8, 4
6_17_08 5, 13, 1, 9, 6, 14
5_18_02 2, 10, 14, 6, 15
2_3_08 5, 13
7_20_00 1, 9, 13, 5, 6, 14, 2
2_25_00 3, 11
7_12_18 12, 4, 8, 16, 1, 9, 13
2_19_10 6, 14
1_19_06 12
4_5_22 13, 5, 9, 1
2_1_18 10, 2
1_30_20 10
3_5_02 3, 11, 15
1_2_10 2
6_25_18 12, 4, 8, 16, 13, 5
4_4_16 9, 1, 5, 13
8_15_02 5, 13, 1, 9, 2, 10, 14, 6
5_18_14 8, 16, 4, 12, 5
3_12_06 2, 10, 6
5_16_04 6, 14, 2, 10, 7
3_3_06 4, 12, 8
3_3_06 4, 12, 8
6_17_20 11, 3, 7, 15, 12, 4
7_27_00 3, 11, 15, 7, 12, 4, 8
6_7_14 9, 1, 5, 13, 10, 2
7_29_12 10, 2, 6, 14, 7, 15, 3
1_28_12 13
5_10_04 5, 13, 1, 9, 2
6_4_02 2, 10, 14, 6, 15, 7
6_13_20 14, 6, 10, 2, 11, 3
4_22_08 6, 14, 2, 10
2_27_00 3, 11
2_22_10 3, 11
7_30_04 6, 14, 2, 10, 15, 7, 11
1_22_08 2
2_20_08 1, 9
8_27_04 5, 13, 1, 9, 6, 14, 2, 10
5_27_22 14, 6, 10, 2, 7
8_2_14 8, 16, 4, 12, 9, 1, 5, 13
1_3_00 9
1_22_12 4
8_31_08 8, 16, 4, 12, 5, 13, 1, 9
1_27_08 15
3_11_12 9, 1, 13
4_15_22 15, 7, 11, 3
8_28_20 13, 5, 9, 1, 14, 6, 10, 2
1_8_08 10
1_13_08 8
6_4_22 12, 4, 8, 16, 9, 1
6_28_12 9, 1, 5, 13, 6, 14
5_24_18 11, 3, 7, 15, 16
8_3_10 6, 14, 2, 10, 7, 15, 3, 11
3_30_08 4, 12, 16
8_17_04 3, 11, 15, 7, 4, 12, 16, 8
4_17_12 7, 15, 3, 11
4_22_20 12, 4, 8, 16
2_8_22 9, 1
8_5_02 3, 11, 15, 7, 4, 12, 16, 8
3_24_12 4, 12, 8
4_12_12 9, 1, 5, 13
5_28_22 14, 6, 10, 2, 3
7_29_02 5, 13, 1, 9, 2, 10, 14
2_2_06 16, 8
3_24_00 14, 6, 2
2_3_00 1, 9
7_3_12 7, 15, 3, 11, 16, 8, 12
7_11_14 10, 2, 6, 14, 3, 11, 15
6_13_10 9, 1, 5, 13, 6, 14
4_9_04 5, 13, 1, 9
6_6_06 5, 13, 1, 9, 2, 10
6_4_16 9, 1, 5, 13, 6, 14
7_6_02 3, 11, 15, 7, 16, 8, 12
5_11_22 14, 6, 10, 2, 7
3_2_02 14, 6, 10
5_5_08 6, 14, 2, 10, 7
2_4_00 13, 5
2_6_00 14, 6
3_15_20 14, 6, 2
5_5_20 12, 4, 8, 16, 13
7_5_14 9, 1, 5, 13, 10, 2, 6
5_6_10 7, 15, 3, 11, 4
1_25_10 8
2_22_08 2, 10
6_20_20 11, 3, 7, 15, 8, 16
7_20_16 9, 1, 5, 13, 14, 6, 10
5_11_22 14, 6, 10, 2, 7
6_4_08 5, 13, 1, 9, 2, 10
3_20_10 2, 10, 6
3_24_14 5, 13, 9
5_8_20 12, 4, 8, 16, 1
3_20_00 13, 5, 1
8_15_12 10, 2, 6, 14, 7, 15, 3, 11
8_31_18 13, 5, 9, 1, 10, 2, 6, 14
5_25_04 5, 13, 1, 9, 6
4_10_16 11, 3, 7, 15
8_27_12 9, 1, 5, 13, 10, 2, 6, 14
8_11_10 8, 16, 4, 12, 9, 1, 5, 13
1_10_18 8
5_22_12 8, 16, 4, 12, 5
6_8_18 11, 3, 7, 15, 8, 16
8_25_08 7, 15, 3, 11, 8, 16, 4, 12
2_2_12 3, 11
4_8_16 10, 2, 6, 14
5_11_12 9, 1, 5, 13, 2
4_15_04 6, 14, 2, 10
1_10_04 1
1_16_12 14
1_12_00 7
6_21_14 9, 1, 5, 13, 10, 2
7_14_00 4, 12, 16, 8, 13, 5, 9
5_1_10 6, 14, 2, 10, 7
7_11_06 6, 14, 2, 10, 15, 7, 11
2_25_02 4, 12
3_7_22 13, 5, 1
6_18_14 8, 16, 4, 12, 5, 13
3_29_04 6, 14, 2
3_7_12 8, 16, 12
1_23_12 16
1_23_20 4
2_22_04 16, 8
7_15_00 4, 12, 16, 8, 9, 1, 5
5_2_12 7, 15, 3, 11, 4
1_17_20 11
2_13_16 12, 4
4_16_16 12, 4, 8, 16
7_31_02 5, 13, 1, 9, 10, 2, 6
2_14_10 5, 13
5_21_16 10, 2, 6, 14, 11
3_29_22 15, 7, 11
4_16_02 5, 13, 1, 9
1_1_14 8
2_24_18 7, 15
7_22_06 5, 13, 1, 9, 2, 10, 14
8_14_00 4, 12, 16, 8, 1, 9, 13, 5
1_7_18 3
1_28_02 8
4_5_08 6, 14, 2, 10
8_16_02 5, 13, 1, 9, 2, 10, 14, 6
2_2_16 5, 13
1_24_16 14
6_2_22 12, 4, 8, 16, 9, 1
6_14_06 7, 15, 3, 11, 16, 8
8_2_12 7, 15, 3, 11, 8, 16, 4, 12
7_25_04 5, 13, 1, 9, 6, 14, 2
3_8_08 2, 10, 6
6_9_16 11, 3, 7, 15, 12, 4
7_20_20 11, 3, 7, 15, 16, 8, 12
5_12_18 12, 4, 8, 16, 1
2_13_22 15, 7
5_13_12 10, 2, 6, 14, 7
4_23_04 4, 12, 16, 8
5_4_20 11, 3, 7, 15, 16
6_11_16 11, 3, 7, 15, 12, 4
1_8_14 13
3_5_08 6, 14, 2
4_15_16 12, 4, 8, 16
4_20_22 12, 4, 8, 16
7_19_18 10, 2, 6, 14, 3, 11, 15
4_25_10 8, 16, 4, 12
8_25_08 7, 15, 3, 11, 8, 16, 4, 12
5_31_16 12, 4, 8, 16, 1
1_1_22 12
6_24_00 2, 10, 14, 6, 15, 7
8_9_02 4, 12, 16, 8, 5, 13, 1, 9
3_20_20 7, 15, 11
8_15_22 15, 7, 11, 3, 12, 4, 8, 16
6_12_00 3, 11, 15, 7, 16, 8
8_9_00 3, 11, 15, 7, 4, 12, 16, 8
4_9_14 10, 2, 6, 14
8_13_20 14, 6, 10, 2, 11, 3, 7, 15
7_18_22 12, 4, 8, 16, 9, 1, 5
5_11_08 7, 15, 3, 11, 16
2_28_20 9, 1
4_29_00 4,12, 16, 8
1_9_08 7
6_11_06 6, 14, 2, 10, 7, 15
6_1_18 10, 2, 6, 14, 11, 3
1_31_02 13
3_11_10 8, 16, 12
7_11_02 4, 12, 16, 8, 13, 5, 9
6_14_14 11, 3, 7, 15, 4, 12
8_3_02 2, 10, 14, 6, 3, 11, 15, 7
7_31_10 9, 1, 5, 13, 14, 6, 10
4_15_06 7, 15, 3, 11
7_18_20 11, 3, 7, 15, 8, 16, 4
4_28_04 5, 13, 1, 9
6_31_08 8, 16, 4, 12, 5, 13
8_27_10 8, 16, 4, 12, 9, 1, 5, 13
5_28_02 4, 12, 16, 8, 9
5_1_20 11, 3, 7, 15, 12
3_30_12 6, 14, 2
1_6_14 5
8_6_20 12, 4, 8, 16, 13, 5, 9, 1
8_21_08 6, 14, 2, 10, 7, 15, 3, 11
3_2_06 16, 8, 12
2_19_22 12, 4
6_10_18 12, 4, 8, 16, 9, 1
5_18_22 12, 4, 8, 16, 9
8_15_16 12, 4, 8, 16, 9, 1, 5, 13
7_18_22 12, 4, 8, 16, 9, 1, 5
8_20_16 9, 1, 5, 13, 10, 2, 6, 14
3_23_16 10, 2, 14
4_11_14 10, 2, 6, 14
5_6_04 4, 12, 16, 8, 1
5_7_02 3, 11, 15, 7, 12
8_8_22 13, 5, 9, 1, 14, 6, 10, 2
1_15_04 14
1_2_08 1
1_28_08 11
3_11_14 10, 2, 14
1_15_06 15
5_31_22 15, 7, 11, 3, 4
1_10_16 7
3_30_04 2, 10, 14
4_15_04 6, 14, 2, 10
8_7_10 7, 15, 3, 11, 8, 16, 4, 12
8_16_04 6, 14, 2, 10, 3, 11, 15, 7
1_3_00 9
2_30_02 1, 9
1_19_04 11
8_27_16 11, 3, 7, 15, 12, 4, 8, 16
7_4_20 11, 3, 7, 15, 16, 8, 12
7_18_10 6, 14, 2, 10, 3, 11, 15
5_11_14 10, 2, 6, 14, 3
7_26_16 11, 3, 7, 15, 8, 16, 4
1_25_04 5
7_10_08 7, 15, 3, 11, 4, 12, 16
3_21_16 10, 2, 6
3_19_14 8, 16, 12
6_27_04 5, 13, 1, 9, 6, 14
8_29_06 7, 15, 3, 11, 4, 12, 16, 8
6_7_18 11, 3, 7, 15, 12, 4
6_9_16 11, 3, 7, 15, 12, 4
2_11_04 5, 13
1_5_22 13
2_23_00 2, 10
8_13_04 6, 14, 2, 10, 3, 11, 15, 7
1_11_02 12
4_29_06 7, 15, 3, 11
8_21_22 13, 5, 9, 1, 14, 6, 10, 2
4_2_14 8, 16, 4, 12
7_31_08 8, 16, 4, 12, 13, 5, 9
4_3_10 6, 14, 2, 10
8_6_14 9, 1, 5, 13, 10, 2, 6, 14
1_16_08 12
8_20_14 8, 16, 4, 12, 9, 1, 5, 13
3_25_04 5, 13, 1
4_24_12 8, 16, 4, 12
8_2_12 7, 15, 3, 11, 8, 16, 4, 12
7_14_14 11, 3, 7, 15, 4, 12, 16
7_5_08 6, 14, 2, 10, 7, 15, 3
7_18_14 8, 16, 4, 12, 5, 13, 1
3_18_20 7, 15, 3
5_12_22 14, 6, 10, 2, 3
8_14_12 10, 2, 6, 14, 7, 15, 3, 11
4_27_10 8, 16, 4, 12
5_18_14 8, 16, 4, 12, 5
6_6_22 13, 5, 9, 1, 10, 2
3_4_10 2, 10, 6
2_9_12 9, 1
6_24_18 11, 3, 7, 15, 8, 16
3_15_08 8, 16, 12
8_12_08 7, 15, 3, 11, 8, 16, 4, 12
4_4_22 12, 4, 8, 16
3_19_16 9, 1, 13
4_9_02 4, 12, 16, 8
1_11_14 2
7_11_02 4, 12, 16, 8, 13, 5, 9
6_16_22 15, 7, 11, 3, 8, 16
1_16_12 14
3_14_04 2, 10, 14
4_3_06 4, 12, 16, 8
7_27_12 9, 1, 5, 13, 2, 10, 14
4_11_12 9, 1, 5, 13
2_26_00 15, 7
3_17_18 10, 2, 6
6_3_22 12, 4, 8, 16, 13, 5
8_6_20 12, 4, 8, 16, 13, 5, 9, 1
4_3_14 8, 16, 4, 12
1_9_00 3
5_14_22 15, 7, 11, 3, 8
1_14_02 1
5_15_18 13, 5, 9, 1, 2
6_14_20 14, 6, 10, 2, 7, 15
2_30_04 2, 10
3_17_18 10, 2, 6
1_12_14 14
1_23_06 13
1_11_18 4
1_23_14 1
8_22_16 10, 2, 6, 14, 11, 3, 7, 15
4_4_14 8, 16, 4, 12
4_5_06 5, 13, 1, 9
8_7_06 5, 13, 1, 9, 6, 14, 2, 10
1_14_22 11
1_5_04 4
2_21_04 4, 12
7_4_20 11, 3, 7, 15, 16, 8, 12
4_20_04 3, 11, 15, 7
3_27_18 12, 4, 16
8_25_14 10, 2, 6, 14, 11, 3, 7, 15
5_27_10 8, 16, 4, 12, 1
6_28_20 13, 5, 9, 1, 10, 2
3_11_06 6, 14, 10
5_20_00 1, 9, 13, 5, 6
4_29_14 11, 3, 7, 15
3_29_08 8, 16, 4
3_10_06 2, 10, 14
1_19_14 16
6_11_12 9, 1, 5, 13, 10, 2
3_28_14 6, 14, 10
4_11_22 14, 6, 10, 2
5_19_08 5, 13, 1, 9, 14
4_16_14 11, 3, 7, 15
3_3_18 10, 2, 14
2_5_10 7, 15
1_17_08 5
4_4_20 11, 3, 7, 15
3_15_04 6, 14, 10
1_29_02 5
1_29_06 7
1_8_22 1
3_19_12 7, 15, 11
5_18_18 10, 2, 6, 14, 7
2_16_10 5, 13
2_16_08 4, 12
8_14_22 15, 7, 11, 3, 12, 4, 8, 16
8_30_22 15, 7, 11, 3, 12, 4, 8, 16
1_4_08 9
3_24_02 15, 7, 3
6_25_18 12, 4, 8, 16, 13, 5
7_27_18 12, 4, 8, 16, 5, 13, 1
3_12_16 7, 15, 11
5_22_04 4, 12, 16, 8, 1
7_29_14 11, 3, 7, 15, 8, 16, 4
7_6_14 9, 1, 5, 13, 6, 14, 2
2_31_18 13, 5
1_13_12 10
1_4_20 15
3_29_08 8, 16, 4
8_18_02 2, 10, 14, 6, 3, 11, 15, 7
6_27_02 4, 12, 16, 8, 5, 13
4_14_06 7, 15, 3, 11
6_14_08 8, 16, 4, 12, 1, 9
4_6_04 4, 12, 16, 8
5_3_06 4, 12, 16, 8, 13
1_27_00 11
1_10_14 6
3_24_00 14, 6, 2
4_2_10 6, 14, 2, 10
6_26_12 9, 1, 5, 13, 6, 14
4_8_00 2, 10, 14, 6
1_30_04 2
3_29_22 15, 7, 11
3_27_04 5, 13, 9
2_17_18 10, 2
8_13_18 13, 5, 9, 1, 10, 2, 6, 14
1_25_22 14
3_9_16 11, 3, 7
7_2_04 3, 11, 15, 7, 16, 8, 12
7_23_02 3, 11, 15, 7, 12, 4, 8
4_1_20 11, 3, 7, 15
2_24_00 14, 6
1_20_06 8
6_21_00 2, 10, 14, 6, 3, 11
4_13_16 12, 4, 8, 16
5_16_08 8, 16, 4, 12, 9
3_10_12 5, 13, 1
4_16_16 12, 4, 8, 16
4_21_22 13, 5, 9, 1
2_20_00 13, 5
4_25_18 12, 4, 8, 16
8_24_08 6, 14, 2, 10, 7, 15, 3, 11
8_26_08 7, 15, 3, 11, 8, 16, 4, 12
7_23_16 10, 2, 6, 14, 3, 11, 15
6_27_10 8, 16, 4, 12, 9, 1
3_22_10 3, 11, 15
3_2_12 3, 11, 15
7_31_22 15, 7, 11, 3, 4, 12, 16
7_26_08 7, 15, 3, 11, 4, 12, 16
8_5_22 13, 5, 9, 1, 14, 6, 10, 2
7_2_02 2, 10, 14, 6, 15, 7, 11
2_21_04 4, 12
1_6_12 4
2_14_02 1, 9
8_31_12 10, 2, 6, 14, 7, 15, 3, 11
3_5_12 8, 16, 4
5_6_06 5, 13, 1, 9, 2
6_3_12 7, 15, 3, 11, 8, 16
1_18_22 8
7_1_14 8, 16, 4, 12, 9, 1, 5
2_27_16 11, 3
1_14_04 2
3_28_00 15, 7, 3
4_24_08 6, 14, 2, 10
5_4_12 7, 15, 3, 11, 12
3_23_14 9, 1, 13
2_16_10 5, 13
7_24_20 12, 4, 8, 16, 1, 9, 13
6_10_06 6, 14, 2, 10, 3, 11
3_9_02 4, 12, 16
7_24_08 6, 14, 2, 10, 11, 3, 7
6_8_08 6, 14, 2, 10, 3, 11
2_18_06 16, 8
4_22_06 5, 13, 1, 9
1_29_10 9
7_19_02 2, 10, 14, 6, 11, 3, 7
2_22_16 6, 14
6_20_02 2, 10, 14, 6, 15, 7
3_30_08 4, 12, 16
1_24_16 14
7_5_22 13, 5, 9, 1, 14, 6, 10
2_30_12 6, 14
1_22_08 2
4_6_20 12, 4, 8, 16
7_22_00 2, 10, 14, 6, 15, 7, 11
1_19_04 11
2_17_04 3, 11
7_14_12 10, 2, 6, 14, 3, 11, 15
1_13_12 10
4_10_22 14, 6, 10, 2
6_17_00 1, 9, 13, 5, 2, 10
8_12_10 8, 16, 4, 12, 9, 1, 5, 13
3_4_20 7, 15, 11
2_18_14 4, 12
3_15_06 7, 15, 11
3_15_06 7, 15, 11
1_27_00 11
7_15_20 14, 6, 10, 2, 3, 11, 15
3_8_08 2, 10, 6
5_9_02 4, 12, 16, 8, 5
7_6_00 2, 10, 14, 6, 15, 7, 11
2_23_16 10, 2
7_28_08 7, 15, 3, 11, 12, 4, 8
1_25_08 7
6_4_10 6, 14, 2, 10, 3, 11
7_17_16 9, 1, 5, 13, 10, 2, 6
4_28_16 11, 3, 7, 15
2_22_04 16, 8
1_17_04 3
4_8_06 5, 13, 1, 9
1_12_22 2
2_6_04 16, 8
3_25_12 9, 1, 5
5_28_14 10, 2, 6, 14, 15
7_14_12 10, 2, 6, 14, 3, 11, 15
3_12_04 1, 9, 5
2_17_02 2, 10
3_27_08 7, 15, 11
3_13_04 6, 14, 2
2_19_08 5, 13
8_19_12 7, 15, 3, 11, 8, 16, 4, 12
3_3_08 5, 13, 9
7_13_14 11, 3, 7, 15, 8, 16, 4
2_15_04 6, 14
5_22_00 2, 10, 14, 6, 15
2_18_08 1, 9
8_15_16 12, 4, 8, 16, 9, 1, 5, 13
3_9_08 7, 15, 3
1_20_04 7
6_17_04 3, 11, 15, 7, 4, 12
5_25_00 3, 11, 15, 7, 4
1_17_16 9
6_3_10 6, 14, 2, 10, 7, 15
1_20_02 6
5_9_16 11, 3, 7, 15, 12
2_27_00 3, 11
4_3_10 6, 14, 2, 10
7_3_10 6, 14, 2, 10, 15, 7, 11
5_7_04 4, 12, 16, 8, 13
6_8_06 5, 13, 1, 9, 2, 10
6_20_14 8, 16, 4, 12, 5, 13
1_17_02 2
7_24_00 2, 10, 14, 6, 7, 15, 3
6_22_04 4, 12, 16, 8, 1, 9
3_23_10 7, 15, 11
5_29_00 4, 12, 16, 8, 1
6_28_06 6, 14, 2, 10, 3, 11
5_1_22 12, 4, 8, 16, 13
4_31_10 9, 1, 5, 13
6_24_02 3, 11, 15, 7, 16, 8
8_13_10 9, 1, 5, 13, 6, 14, 2, 10
8_20_00 1, 9, 13, 5, 2, 10, 14, 6
7_24_02 3, 11, 15, 7, 8, 16, 4
7_6_06 5, 13, 1, 9, 2, 10, 14
6_2_18 10, 2, 6, 14, 7, 15
3_7_14 9, 1, 13
4_1_16 9, 1, 5, 13
1_28_18 16
3_30_10 5, 13, 1
4_22_20 12, 4, 8, 16
4_12_10 8, 16, 4, 12
3_9_02 4, 12, 16
5_30_08 8, 16, 4, 12, 1
3_29_16 12, 4, 8
7_13_18 13, 5, 9, 1, 10, 2, 6
8_4_22 12, 4, 8, 16, 13, 5, 9, 1
3_14_04 2, 10, 14
4_2_02 2, 10, 14, 6
2_30_14 7, 15
2_20_02 14, 6
3_5_12 8, 16, 4
5_22_02 3, 11, 15, 7, 16
8_5_12 8, 16, 4, 12, 9, 1, 5, 13
7_19_04 3, 11, 15, 7, 12, 4, 8
5_7_22 13, 5, 9, 1, 6
5_8_08 6, 14, 2, 10, 11
1_15_04 14
4_11_00 3, 11, 15, 7
5_25_22 14, 6, 10, 2, 15
7_3_12 7, 15, 3, 11, 16, 8, 12
4_1_08 5, 13, 1, 9
5_18_22 12, 4, 8, 16, 9
4_11_20 13, 5, 9, 1
8_5_20 12, 4, 8, 16, 13, 5, 9, 1
4_7_02 3, 11, 15, 7
2_17_06 4, 12
4_4_10 6, 14, 2, 10
5_20_20 11, 3, 7, 15, 16
4_14_10 9, 1, 5, 13
5_14_04 6, 14, 2, 10, 15
8_11_10 8, 16, 4, 12, 9, 1, 5, 13
4_26_12 9, 1, 5, 13
1_8_06 9
2_23_16 10, 2
4_4_20 11, 3, 7, 15
2_9_06 6, 14
2_12_12 5, 13
4_5_12 8, 16, 4, 12
5_19_14 8, 16, 4, 12, 1
7_10_08 7, 15, 3, 11, 4, 12, 16
4_15_14 11, 3, 7, 15
8_1_16 9, 1, 5, 13, 10, 2, 6, 14
8_10_06 6, 14, 2, 10, 7, 15, 3, 11
3_2_04 15, 7, 11
4_12_10 8, 16, 4, 12
4_20_06 4, 12, 16, 8
2_12_20 9, 1
2_28_10 4, 12
7_7_06 5, 13, 1, 9, 14, 6, 10
1_18_22 8
6_2_14 8, 16, 4, 12, 5, 13
8_14_10 9, 1, 5, 13, 6, 14, 2, 10
8_8_18 11, 3, 7, 15, 12, 4, 8, 16
7_22_02 3, 11, 15, 7, 16, 8, 12
2_1_10 6, 14
1_4_04 7
2_9_20 13, 5
8_14_12 10, 2, 6, 14, 7, 15, 3, 11
1_23_18 3
5_22_10 7, 15, 3, 11, 4
1_31_00 12
3_17_02 2, 10, 14
2_15_14 11, 3
5_2_12 7, 15, 3, 11, 4
3_13_16 12, 4, 8
1_24_16 14
7_30_04 6, 14, 2, 10, 15, 7, 11
8_24_16 10, 2, 6, 14, 11, 3, 7, 15
6_30_20 14, 6, 10, 2, 7, 15
7_20_22 12, 4, 8, 16, 1, 9, 13
7_30_00 4, 12, 16, 8, 13, 5, 9
8_30_10 9, 1, 5, 13, 6, 14, 2, 10
7_10_06 6, 14, 2, 10, 3, 11, 15
3_11_14 10, 2, 14
4_1_16 9, 1, 5, 13
6_4_12 7, 15, 3, 11, 4, 12
2_4_04 15, 7
4_23_12 8, 16, 4, 12
3_15_06 7, 15, 11
3_11_00 3, 11, 7
4_22_18 11, 3, 7, 15
5_18_12 7, 15, 3, 11, 4
3_21_08 6, 14, 2
8_16_20 14, 6, 10, 2, 11, 3, 7, 15
6_8_08 6, 14, 2, 10, 3, 11
5_5_14 9, 1, 5, 13, 10
4_27_22 14, 6, 10, 2
3_3_10 6, 14, 10
1_17_10 6
2_17_12 7, 15
7_3_16 9, 1, 5, 13, 2, 10, 14
7_18_12 7, 15, 3, 11, 4, 12, 16
8_18_16 9, 1, 5, 13, 10, 2, 6, 14
5_5_00 2, 10, 14, 6, 3
7_19_14 8, 16, 4, 12, 1, 9, 13
3_11_14 10, 2, 14
4_25_08 7, 15, 3, 11
6_29_06 7, 15, 3, 11, 4, 12
2_3_14 8, 16
8_29_16 12, 4, 8, 16, 9, 1, 5, 13
5_3_12 7, 15, 3, 11, 16
2_25_00 3, 11
4_6_04 4, 12, 16, 8
8_4_08 5, 13, 1, 9, 6, 14, 2, 10
6_28_16 11, 3, 7, 15, 8, 16
7_12_02 4, 12, 16, 8, 9, 1, 5
7_15_02 5, 13, 1, 9, 10, 2, 6
4_21_10 7, 15, 3, 11
7_11_02 4, 12, 16, 8, 13, 5, 9
1_13_06 7
7_6_08 6, 14, 2, 10, 3, 11, 15
2_15_14 11, 3
5_11_00 3, 11, 15, 7, 12
8_23_18 11, 3, 7, 15, 12, 4, 8, 16
4_25_08 7, 15, 3, 11
1_20_16 13
8_22_08 6, 14, 2, 10, 7, 15, 3, 11
8_12_00 3, 11, 15, 7, 4, 12, 16, 8
4_29_18 13, 5, 9, 1
8_18_12 7, 15, 3, 11, 8, 16, 4, 12
2_28_16 7, 15
8_18_04 3, 11, 15, 7, 4, 12, 16, 8
4_22_20 12, 4, 8, 16
7_22_16 10, 2, 6, 14, 7, 15, 3
8_7_00 2, 10, 14, 6, 3, 11, 15, 7
7_9_14 10, 2, 6, 14, 11, 3, 7
6_29_18 13, 5, 9, 1, 10, 2
3_26_10 4, 12, 16
7_12_12 9, 1, 5, 13, 14, 6, 10
7_25_14 10, 2, 6, 14, 11, 3, 7
8_1_02 2, 10, 14, 6, 3, 11, 15, 7
3_1_14 8, 16, 4
7_21_00 2, 10, 14, 6, 3, 11, 15
8_25_08 7, 15, 3, 11, 8, 16, 4, 12
6_9_08 7, 15, 3, 11, 8, 16
4_18_06 4, 12, 16, 8
5_14_18 13, 5, 9, 1, 6
3_26_12 5, 13, 1
4_7_14 9, 1, 5, 13
7_27_14 10, 2, 6, 14, 3, 11, 15
4_25_14 10, 2, 6, 14
7_25_04 5, 13, 1, 9, 6, 14, 2
6_30_00 4, 12, 16, 8, 13, 5
7_23_22 13, 5, 9, 1, 6, 14, 2
1_25_04 5
2_1_10 6, 14
1_26_04 1
3_5_04 4, 12, 16
8_11_12 9, 1, 5, 13, 10, 2, 6, 14
6_24_00 2, 10, 14, 6, 15, 7
3_22_12 4, 12, 16
4_25_16 11, 3, 7, 15
1_8_10 11
3_24_20 8, 16, 12
1_20_06 8
3_8_18 7, 15, 11
3_18_08 1, 9, 13
7_19_02 2, 10, 14, 6, 11, 3, 7
6_16_22 15, 7, 11, 3, 8, 16
7_14_16 12, 4, 8, 16, 5, 13, 1
1_19_22 4
4_24_18 11, 3, 7, 15
8_26_00 3, 11, 15, 7, 4, 12, 16, 8
8_4_12 7, 15, 3, 11, 8, 16, 4, 12
3_24_14 5, 13, 9
2_26_06 2, 10
2_22_18 7, 15
3_14_04 2, 10, 14
2_3_04 3, 11
7_11_18 12, 4, 8, 16, 5, 13, 1
7_5_14 9, 1, 5, 13, 10, 2, 6
3_21_18 11, 3, 7
1_5_12 8
3_6_12 4, 12, 16
8_1_02 2, 10, 14, 6, 3, 11, 15, 7
1_28_02 8
8_18_22 12, 4, 8, 16, 13, 5, 9, 1
1_30_18 9
6_3_20 11, 3, 7, 15, 12, 4
8_25_06 6, 14, 2, 10, 7, 15, 3, 11
8_22_22 13, 5, 9, 1, 14, 6, 10, 2
7_14_20 14, 6, 10, 2, 7, 15, 3
5_6_02 3, 11, 15, 7, 16
1_10_06 2
5_25_12 9, 1, 5, 13, 10
6_18_16 9, 1, 5, 13, 6, 14
5_21_10 7, 15, 3, 11, 8
7_14_18 13, 5, 9, 1, 6, 14, 2
2_17_22 12, 4
3_16_06 3, 11, 7
1_28_18 16
5_14_00 4, 12, 16, 8, 13
7_1_08 5, 13, 1, 9, 6, 14, 2
3_2_06 16, 8, 12
6_23_16 10, 2, 6, 14, 11, 3
2_18_20 7, 15
2_16_22 11, 3
8_15_14 11, 3, 7, 15, 8, 16, 4, 12
4_25_22 14, 6, 10, 2
4_16_10 9, 1, 5, 13
1_20_04 7
1_22_04 16
7_3_06 4, 12, 16, 8, 13, 5, 9
2_23_16 10, 2
5_14_10 9, 1, 5, 13, 2
7_10_18 12, 4, 8, 16, 9, 1, 5
5_7_22 13, 5, 9, 1, 6
6_19_12 7, 15, 3, 11, 8, 16
8_7_00 2, 10, 14, 6, 3, 11, 15, 7
6_21_10 7, 15, 3, 11, 8, 16
8_23_22 13, 5, 9, 1, 14, 6, 10, 2
5_26_12 9, 1, 5, 13, 6
6_20_08 5, 13, 1, 9, 2, 10
4_3_22 12, 4, 8, 16
6_18_00 1, 9, 13, 5, 14, 6
3_19_16 9, 1, 13
6_30_10 9, 1, 5, 13, 2, 10
8_16_06 7, 15, 3, 11, 4, 12, 16, 8
6_11_20 13, 5, 9, 1, 14, 6
3_10_12 5, 13, 1
5_26_22 14, 6, 10, 2, 11
5_15_04 6, 14, 2, 10, 11
2_9_06 6, 14
6_17_00 1, 9, 13, 5, 2, 10
4_30_08 8, 16, 4, 12
7_7_04 4, 12, 16, 8, 13, 5, 9
3_24_20 8, 16, 12
6_3_10 6, 14, 2, 10, 7, 15
8_27_06 6, 14, 2, 10, 7, 15, 3, 11
3_22_22 9, 1, 5
6_12_12 9, 1, 5, 13, 6, 14
7_8_14 9, 1, 5, 13, 14, 6, 10
7_25_16 11, 3, 7, 15, 12, 4, 8
4_6_22 13, 5, 9, 1
1_30_10 5
7_16_12 10, 2, 6, 14, 11, 3, 7
4_26_08 7, 15, 3, 11
7_9_08 7, 15, 3, 11, 8, 16, 4
5_28_22 14, 6, 10, 2, 3
8_29_04 6, 14, 2, 10, 3, 11, 15, 7
8_24_02 3, 11, 15, 7, 4, 12, 16, 8
5_22_18 11, 3, 7, 15, 8
7_30_00 4, 12, 16, 8, 13, 5, 9
2_22_00 14, 6
1_24_10 11
7_27_22 14, 6, 10, 2, 7, 15, 3
7_29_18 13, 5, 9, 1, 10, 2, 6
4_21_14 9, 1, 5, 13
7_3_08 5, 13, 1, 9, 14, 6, 10
8_4_16 9, 1, 5, 13, 10, 2, 6, 14
3_10_14 6, 14, 2
7_4_22 12, 4, 8, 16, 1, 9, 13
3_27_06 6, 14, 10
8_8_20 12, 4, 8, 16, 13, 5, 9, 1
8_13_02 5, 13, 1, 9, 2, 10, 14, 6
8_7_00 2, 10, 14, 6, 3, 11, 15, 7
1_28_00 7
4_5_12 8, 16, 4, 12
6_26_04 5, 13, 1, 9, 2, 10
5_14_10 9, 1, 5, 13, 2
8_18_06 4, 12, 16, 8, 5, 13, 1, 9
7_2_04 3, 11, 15, 7, 16, 8, 12
3_7_18 11, 3, 15
1_23_02 11
7_19_06 4, 12, 16, 8, 13, 5, 9
2_23_10 7, 15
1_15_12 2
6_16_22 15, 7, 11, 3, 8, 16
8_21_02 3, 11, 15, 7, 4, 12, 16, 8
7_15_04 6, 14, 2, 10, 11, 3, 7
5_19_02 2, 10, 14, 6, 11
4_4_08 5, 13, 1, 9
5_13_10 9, 1, 5, 13, 6
5_4_00 1, 9, 13, 5, 6
3_27_06 6, 14, 10
6_5_10 7, 15, 3, 11, 8, 16
8_17_14 8, 16, 4, 12, 9, 1, 5, 13
6_16_18 13, 5, 9, 1, 6, 14
8_16_20 14, 6, 10, 2, 11, 3, 7, 15
8_18_18 10, 2, 6, 14, 11, 3, 7, 15
3_21_14 9, 1, 5
6_29_16 12, 4, 8, 16, 9, 1
6_15_22 15, 7, 11, 3, 12, 4
4_3_18 10, 2, 6, 14
7_23_00 2, 10, 14, 6, 11, 3, 7
7_6_22 13, 5, 9, 1, 10, 2, 6
4_25_02 4, 12, 16, 8
1_3_20 3
5_13_04 6, 14, 2, 10, 3
4_23_02 3, 11, 15, 7
7_29_14 11, 3, 7, 15, 8, 16, 4
2_18_06 16, 8
8_10_08 7, 15, 3, 11, 8, 16, 4, 12
6_2_12 7, 15, 3, 11, 4, 12
8_6_12 8, 16, 4, 12, 9, 1, 5, 13
5_26_14 10, 2, 6, 14, 7
5_30_04 6, 14, 2, 10, 15
3_1_06 4, 12, 16
8_12_08 7, 15, 3, 11, 8, 16, 4, 12
2_5_14 9, 1
8_16_18 13, 5, 9, 1, 10, 2, 6, 14
1_1_08 5
2_9_08 7, 15
8_21_18 11, 3, 7, 15, 12, 4, 8, 16
4_6_16 10, 2, 6, 14
6_22_22 13, 5, 9, 1, 10, 2
8_16_02 5, 13, 1, 9, 2, 10, 14, 6
3_19_10 6, 14, 10
6_20_14 8, 16, 4, 12, 5, 13
6_20_00 1, 9, 13, 5, 14, 6
4_23_14 9, 1, 5, 13
8_22_14 9, 1, 5, 13, 10, 2, 6, 14
6_31_10 9, 1, 5, 13, 6, 14
7_25_04 5, 13, 1, 9, 6, 14, 2
5_10_06 6, 14, 2, 10, 3
7_18_04 3, 11, 15, 7, 16, 8, 12
2_9_06 6, 14
6_22_00 2, 10, 14, 6, 15, 7
1_31_16 4
6_1_02 2, 10, 14, 6, 3, 11
4_11_02 4, 12, 16, 8
5_27_16 11, 3, 7, 15, 4
5_10_06 6, 14, 2, 10, 3
1_1_06 4
5_3_14 8, 16, 4, 12, 1
3_30_08 4, 12, 16
6_31_18 13, 5, 9, 1, 10, 2
8_11_20 13, 5, 9, 1, 14, 6, 10, 2
4_2_00 1, 9, 13, 5
3_15_22 15, 7, 3
3_9_16 11, 3, 7
7_18_04 3, 11, 15, 7, 16, 8, 12
3_5_16 10, 2, 6
8_21_12 8, 16, 4, 12, 9, 1, 5, 13
2_18_18 6, 14
6_19_22 12, 4, 8, 16, 13, 5
3_1_22 12, 4, 8
3_8_08 2, 10, 6
2_26_10 4, 12
2_25_18 12, 4
4_17_20 11, 3, 7, 15
3_28_16 7, 15, 11
6_10_00 3, 11, 15, 7, 16, 8
8_18_14 8, 16, 4, 12, 9, 1, 5, 13
8_26_10 8, 16, 4, 12, 9, 1, 5, 13
8_23_12 8, 16, 4, 12, 9, 1, 5, 13
6_26_08 7, 15, 3, 11, 4, 12
5_17_14 8, 16, 4, 12, 9
8_21_06 5, 13, 1, 9, 6, 14, 2, 10
2_1_10 6, 14
6_2_18 10, 2, 6, 14, 7, 15
6_25_04 5, 13, 1, 9, 6, 14
7_27_08 7, 15, 3, 11, 16, 8, 12
5_18_16 9, 1, 5, 13, 6
7_25_08 7, 15, 3, 11, 8, 16, 4
5_25_16 11, 3, 7, 15, 12
8_21_14 9, 1, 5, 13, 10, 2, 6, 14
3_14_10 5, 13, 1
3_24_06 1, 9, 5
5_26_22 14, 6, 10, 2, 11
5_1_16 9, 1, 5, 13, 10
7_27_06 6, 14, 2, 10, 15, 7, 11
6_6_12 8, 16, 4, 12, 5, 13
4_25_22 14, 6, 10, 2
5_9_00 3, 11, 15, 7, 4
7_25_10 8, 16, 4, 12, 9, 1, 5
7_17_14 8, 16, 4, 12, 9, 1, 5
8_10_20 13, 5, 9, 1, 14, 6, 10, 2
6_25_20 13, 5, 9, 1, 14, 6
5_25_18 12, 4, 8, 16, 13
8_25_18 12, 4, 8, 16, 13, 5, 9, 1
1_16_00 8
6_29_00 4, 12, 16, 8, 1, 9
8_20_20 11, 3, 7, 15, 12, 4, 8, 16
1_4_12 11
7_13_20 14, 6, 10, 2, 11, 3, 7
4_14_12 10, 2, 6, 14
1_22_22 9
1_11_08 15
8_9_22 14, 6, 10, 2, 15, 7, 11, 3
6_28_04 5, 13, 1, 9, 2, 10
1_10_20 9
7_15_02 5, 13, 1, 9, 10, 2, 6
5_9_14 10, 2, 6, 14, 11
6_11_08 7, 15, 3, 11, 8, 16
8_26_14 10, 2, 6, 14, 11, 3, 7, 15
8_10_04 5, 13, 1, 9, 6, 14, 2, 10
4_24_00 2, 10, 14, 6
3_15_16 12, 4, 16
2_30_16 8, 16
6_28_16 11, 3, 7, 15, 8, 16
5_18_08 5, 13, 1, 9, 2
1_27_08 15
3_3_22 12, 4, 16
1_12_02 8
8_23_08 6, 14, 2, 10, 7, 15, 3, 11
5_14_04 6, 14, 2, 10, 15
1_10_18 8
2_26_10 4, 12
4_10_06 6, 14, 2, 10
2_6_10 3, 11
2_21_12 8, 16
3_23_20 12, 4, 16
5_17_20 11, 3, 7, 15, 12
6_4_06 4, 12, 16, 8, 1, 9
8_22_08 6, 14, 2, 10, 7, 15, 3, 11
7_13_08 8, 16, 4, 12, 5, 13, 1
6_4_08 5, 13, 1, 9, 2, 10
8_27_20 13, 5, 9, 1, 14, 6, 10, 2
3_6_14 5, 13, 1
4_22_00 2, 10, 14, 6
4_19_06 4, 12, 16, 8
2_24_10 3, 11
5_11_12 9, 1, 5, 13, 2
8_2_18 10, 2, 6, 14, 11, 3, 7, 15
4_31_20 14, 6, 10, 2
4_20_08 5, 13, 1, 9
7_20_14 8, 16, 4, 12, 13, 5, 9
4_12_14 10, 2, 6, 14
2_28_12 5, 13
8_20_06 4, 12, 16, 8, 5, 13, 1, 9
7_3_20 11, 3, 7, 15, 4, 12, 16
4_1_02 2, 10, 14, 6
6_31_06 7, 15, 3, 11, 4, 12
1_29_22 15
5_24_00 2, 10, 14, 6, 7
6_24_18 11, 3, 7, 15, 8, 16
3_3_16 9, 1, 13
2_8_14 5, 13
6_16_20 14, 6, 10, 2, 7, 15
5_4_04 3, 11, 15, 7, 8
6_29_16 12, 4, 8, 16, 9, 1
2_22_20 8, 16
6_6_00 2, 10, 14, 6, 15, 7
6_16_02 5, 13, 1, 9, 14, 6
1_6_22 9
5_14_20 14, 6, 10, 2, 7
2_15_06 7, 15
1_19_04 11
